=~=~=~=~=~=~=~=~=~=~=~= PuTTY log 2024.06.19 13:53:59 =~=~=~=~=~=~=~=~=~=~=~=
0.13;2.06;-0.01;0.30;-0.01;0.61;0.00;0.00;0.00;0.00;0.00;0.00;0.00;0.00;0.00;0.00;0.00;0.00;0.00
0.26;2.06;-0.01;0.30;-0.02;0.61;0.00;0.00;0.00;0.00;0.00;0.00;0.00;0.00;0.00;0.00;0.00;0.00;0.00
0.40;2.05;-0.01;0.30;-0.02;0.61;-0.00;0.00;0.00;0.00;0.00;0.00;0.00;0.00;0.00;0.00;0.00;0.00;0.00
0.53;2.06;0.00;0.30;0.01;0.61;0.00;0.00;0.00;0.00;0.00;0.00;0.00;0.00;0.00;0.00;0.00;0.00;0.00
0.66;2.06;0.00;0.31;0.01;0.62;0.00;0.00;0.00;0.00;0.00;0.00;0.00;0.00;0.00;0.00;0.00;0.00;0.00
0.80;2.06;0.01;0.30;-0.02;0.62;0.00;0.00;0.00;0.00;0.00;0.00;0.00;0.00;0.00;0.00;0.00;0.00;0.00
0.93;2.06;0.01;0.30;-0.02;0.63;0.00;0.00;0.00;0.00;0.00;0.00;0.00;0.00;0.00;0.00;0.00;0.00;0.00
1.06;2.06;0.01;0.30;-0.01;0.63;0.00;0.00;0.00;0.00;0.00;0.00;0.00;0.00;0.00;0.00;0.00;0.00;0.00
1.20;2.06;-0.01;0.30;0.02;0.63;0.00;0.00;0.00;0.00;0.00;0.00;0.00;0.00;0.00;0.00;0.00;0.00;0.00
1.33;2.05;-0.03;0.31;0.03;0.63;0.00;0.00;0.00;0.00;0.00;0.00;0.00;0.00;0.00;0.00;0.00;0.00;0.00
1.46;2.06;0.00;0.31;0.00;0.64;0.00;0.00;0.00;0.00;0.00;0.00;0.00;0.00;0.00;0.00;0.00;0.00;0.00
1.60;2.06;0.01;0.31;-0.00;0.64;0.00;0.00;0.00;0.00;0.00;0.00;0.00;0.00;0.00;0.00;0.00;0.00;0.00
1.73;2.06;-0.01;0.31;0.02;0.63;-0.00;0.00;0.00;0.00;0.00;0.00;0.00;0.00;0.00;0.00;0.00;0.00;0.00
1.86;2.06;-0.01;0.31;0.03;0.63;0.00;0.00;0.00;0.00;0.00;0.00;0.00;0.00;0.00;0.00;0.00;0.00;0.00
2.00;2.05;-0.01;0.31;0.01;0.63;0.00;0.00;0.00;0.00;0.00;0.00;0.00;0.00;0.00;0.00;0.00;0.00;0.00
2.13;2.05;-0.01;0.31;0.01;0.63;-0.00;0.00;0.00;0.00;0.00;0.00;0.00;0.00;0.00;0.00;0.00;0.00;0.00
2.26;2.06;0.01;0.31;-0.01;0.63;0.00;0.00;0.00;0.00;0.00;0.00;0.00;0.00;0.00;0.00;0.00;0.00;0.00
2.40;2.06;0.01;0.31;-0.01;0.62;-0.00;0.00;0.00;0.00;0.00;0.00;0.00;0.00;0.00;0.00;0.00;0.00;0.00
2.53;2.06;0.00;0.31;-0.00;0.62;0.00;0.00;0.00;0.00;0.00;0.00;0.00;0.00;0.00;0.00;0.00;0.00;0.00
2.66;2.06;0.00;0.30;-0.01;0.63;0.00;0.00;0.00;0.00;0.00;0.00;0.00;0.00;0.00;0.00;0.00;0.00;0.00
2.80;2.06;0.00;0.30;-0.02;0.63;0.00;0.00;0.00;0.00;0.00;0.00;0.00;0.00;0.00;0.00;0.00;0.00;0.00
2.93;2.06;0.00;0.30;-0.02;0.63;0.00;0.00;0.00;0.00;0.00;0.00;0.00;0.00;0.00;0.00;0.00;0.00;0.00
3.06;2.06;0.00;0.31;0.01;0.63;0.00;0.00;0.00;0.00;0.00;0.00;0.00;0.00;0.00;0.00;0.00;0.00;0.00
3.20;2.06;-0.00;0.31;0.00;0.62;-0.00;0.00;0.00;0.00;0.00;0.00;0.00;0.00;0.00;0.00;0.00;0.00;0.00
3.33;2.05;-0.01;0.30;-0.01;0.62;0.00;0.00;0.00;0.00;0.00;0.00;0.00;0.00;0.00;0.00;0.00;0.00;0.00
3.47;2.06;0.00;0.30;0.00;0.62;0.00;0.00;0.00;0.00;0.00;0.00;0.00;0.00;0.00;0.00;0.00;0.00;0.00
3.60;2.06;0.01;0.31;0.01;0.62;0.00;0.00;0.00;0.00;0.00;0.00;0.00;0.00;0.00;0.00;0.00;0.00;0.00
3.73;2.06;0.00;0.31;0.00;0.62;-0.00;0.00;0.00;0.00;0.00;0.00;0.00;0.00;0.00;0.00;0.00;0.00;0.00
3.87;2.06;0.00;0.31;0.00;0.62;0.00;0.00;0.00;0.00;0.00;0.00;0.00;0.00;0.00;0.00;0.00;0.00;0.00
4.00;2.06;0.00;0.30;-0.01;0.62;0.00;0.00;0.00;0.00;0.00;0.00;0.00;0.00;0.00;0.00;0.00;0.00;0.00
4.13;2.06;0.00;0.30;-0.01;0.62;0.00;2.80;0.00;0.00;0.37;0.00;0.00;1.57;0.00;13.63;22.91;141.86;239.43
4.27;2.06;0.01;0.31;0.01;0.62;0.00;2.80;0.00;0.00;0.43;0.00;0.00;1.57;0.00;14.73;24.01;153.31;250.93
4.40;2.06;0.02;0.31;0.02;0.63;0.00;2.80;0.00;0.00;0.50;0.00;0.00;1.57;0.00;15.68;24.89;163.18;260.11
4.54;2.06;0.00;0.31;0.00;0.63;0.00;2.80;0.00;0.00;0.57;0.00;0.00;1.57;0.00;16.89;26.10;175.72;272.70
4.67;2.06;0.06;0.31;0.05;0.68;0.00;2.80;0.00;0.00;0.64;0.00;0.00;1.57;0.00;17.79;26.65;185.12;278.44
4.81;2.10;0.23;0.35;0.20;0.68;0.00;2.80;0.00;0.00;0.70;0.00;0.00;1.57;0.00;17.39;26.25;180.98;274.29
4.94;2.14;0.25;0.37;0.10;0.74;0.00;2.80;0.00;0.00;0.77;0.00;0.00;1.57;0.00;17.43;25.84;181.37;270.03
5.07;2.18;0.29;0.39;0.14;0.74;0.00;2.80;0.00;0.00;0.84;0.00;0.00;1.57;0.00;17.41;25.82;181.15;269.81
5.21;2.23;0.37;0.44;0.29;0.81;0.00;2.80;0.00;0.00;0.91;0.00;0.00;1.57;0.00;16.95;24.83;176.38;259.47
5.34;2.28;0.39;0.51;0.40;0.81;0.00;2.80;0.00;0.00;0.97;0.00;0.00;1.57;0.00;15.89;23.77;165.38;248.43
5.48;2.33;0.40;0.58;0.43;0.88;0.00;2.80;0.00;0.00;1.04;0.00;0.00;1.57;0.00;14.95;22.19;155.54;231.82
5.61;2.39;0.43;0.65;0.40;0.88;0.00;2.80;0.00;0.00;1.11;0.00;0.00;1.57;0.00;13.96;21.20;145.30;221.55
5.75;2.44;0.39;0.71;0.43;0.92;0.00;2.80;0.00;0.00;1.17;0.00;0.00;1.57;0.00;13.32;20.23;138.58;211.36
5.88;2.49;0.41;0.77;0.41;0.92;0.00;2.80;0.00;0.00;1.24;0.00;0.00;1.57;0.00;12.68;19.59;131.90;204.65
6.02;2.53;0.37;0.85;0.51;0.92;0.00;2.80;0.00;0.00;1.31;0.00;0.00;1.57;0.00;11.75;18.66;122.29;195.00
6.15;2.58;0.39;0.91;0.51;1.13;0.00;2.80;0.00;0.00;1.38;0.00;0.00;1.57;0.00;12.30;17.13;127.94;178.95
6.29;2.62;0.35;0.98;0.49;1.13;0.00;2.80;0.00;0.00;1.44;0.00;0.00;1.57;0.00;11.91;16.74;123.95;174.94
6.42;2.66;0.37;1.04;0.47;1.23;0.00;2.80;0.00;0.00;1.51;0.00;0.00;1.57;0.00;12.03;15.83;125.22;165.41
6.56;2.68;0.29;1.10;0.47;1.23;0.00;2.80;0.00;0.00;1.58;0.00;0.00;1.57;0.00;12.11;15.90;125.99;166.18
6.69;2.72;0.29;1.16;0.45;1.25;0.00;2.80;0.00;0.00;1.65;0.00;0.00;1.57;0.00;12.15;15.70;126.40;164.03
6.83;2.74;0.24;1.22;0.49;1.25;0.00;2.80;0.00;0.00;1.71;0.00;0.00;1.57;0.00;12.14;15.69;126.30;163.93
6.96;2.77;0.25;1.20;0.16;1.61;0.00;2.80;0.00;0.00;1.78;0.00;0.00;1.57;0.00;16.75;16.29;174.32;170.25
7.10;2.81;0.36;1.04;-0.37;1.61;0.00;2.80;0.00;0.00;1.85;0.00;0.00;1.57;0.00;23.38;22.92;243.27;239.49
7.23;2.84;0.27;0.99;-0.26;1.69;0.00;2.80;0.00;0.00;1.92;0.00;0.00;1.57;0.00;27.20;25.78;283.01;269.44
7.37;2.86;0.24;0.95;-0.26;1.69;0.00;2.80;0.00;0.00;1.98;0.00;0.00;1.57;0.00;30.13;28.72;313.55;300.10
7.50;2.88;0.32;1.01;-0.09;2.26;0.00;2.80;0.00;0.00;2.05;0.00;0.00;1.57;0.00;28.01;20.71;291.49;216.43
7.64;2.93;0.31;1.01;-0.11;2.26;0.00;2.80;0.00;0.00;2.12;0.00;0.00;1.57;0.00;30.28;22.98;315.14;240.17
7.77;2.97;0.32;0.99;-0.18;2.26;0.00;2.80;0.00;0.00;2.19;0.00;0.00;1.57;0.00;32.95;25.65;342.86;268.01
7.91;3.01;0.33;0.96;-0.28;0.97;-0.00;2.80;0.00;0.00;2.25;0.00;0.00;1.57;0.00;23.83;30.30;247.97;316.64
8.04;2.97;-0.00;1.36;0.43;0.97;0.00;2.80;0.00;0.00;2.32;0.00;0.00;1.57;0.00;16.54;23.01;172.09;240.45
8.18;2.98;0.03;1.45;0.53;0.93;-0.00;2.80;0.00;0.00;2.39;0.00;0.00;1.57;0.00;15.02;21.90;156.34;228.86
8.31;3.06;0.28;1.80;1.28;0.93;0.00;2.80;0.00;0.00;2.46;0.00;0.00;1.57;0.00;6.89;13.77;71.67;143.84
8.44;3.11;0.31;1.99;1.33;0.79;-0.00;2.80;0.00;0.00;2.52;0.00;0.00;1.57;0.00;0.53;8.60;5.53;89.85
8.58;3.20;0.33;2.17;1.23;0.79;0.00;2.80;0.00;0.00;2.59;0.00;0.00;1.57;0.00;-3.58;4.49;-37.26;46.88
8.71;3.25;0.36;2.30;1.07;0.52;-0.00;2.80;0.00;0.00;2.66;0.00;0.00;1.57;0.00;-11.07;-1.14;-115.20;-11.95
8.85;3.32;0.43;2.34;0.82;0.52;0.00;2.80;0.00;0.00;2.72;0.00;0.00;1.57;0.00;-12.42;-2.49;-129.23;-26.04
8.98;3.23;-0.13;2.46;1.02;4.13;0.00;2.80;0.00;0.00;2.79;0.00;0.00;1.57;0.00;1.88;-4.39;19.59;-45.89
9.12;3.03;-0.67;2.62;1.18;4.13;0.00;2.80;0.00;0.00;2.86;0.00;0.00;1.57;0.00;1.08;-5.20;11.22;-54.30
9.25;2.57;-1.71;2.98;1.81;3.95;-0.00;2.80;0.00;0.00;2.93;0.00;0.00;1.57;0.00;0.57;-7.34;5.98;-76.65
9.39;2.22;-1.96;3.30;1.94;3.95;0.00;2.80;0.00;0.00;2.99;0.00;0.00;1.57;0.00;-1.23;-9.14;-12.81;-95.52
9.52;2.19;-0.93;3.30;0.95;0.98;-0.00;2.80;0.00;0.00;3.06;0.00;0.00;1.57;0.00;0.75;7.11;7.81;74.28
9.65;2.08;-0.88;3.42;0.89;0.98;0.00;2.80;0.00;0.00;3.13;0.00;0.00;1.57;0.00;1.42;7.77;14.73;81.22
9.79;2.14;-0.53;3.34;0.46;0.98;0.00;2.80;0.00;0.00;3.19;0.00;0.00;1.57;0.00;3.91;10.27;40.71;107.31
9.92;2.08;-0.52;3.39;0.44;3.80;0.00;2.80;0.00;0.00;3.26;0.00;0.00;1.57;0.00;-9.54;-18.58;-99.27;-194.17
10.06;2.21;0.00;3.27;-0.01;3.80;0.00;2.80;0.00;0.00;3.33;0.00;0.00;1.57;0.00;-9.91;-18.95;-103.08;-198.00
10.19;2.25;0.40;3.23;-0.50;3.92;0.00;2.80;0.00;0.00;3.40;0.00;0.00;1.57;0.00;-10.45;-18.62;-108.77;-194.55
10.33;3.24;4.98;2.36;-4.91;3.92;0.00;2.80;0.00;0.00;3.46;0.00;0.00;1.57;0.00;-9.09;-17.26;-94.64;-180.36
10.46;3.91;5.03;1.68;-5.36;3.98;0.00;2.80;0.00;0.00;3.53;0.00;0.00;1.57;0.00;-14.21;-21.87;-147.87;-228.55
10.60;3.54;1.06;2.09;-0.90;3.98;0.00;2.80;0.00;0.00;3.60;0.00;0.00;1.57;0.00;-13.87;-21.53;-144.34;-225.01
10.73;3.49;0.75;2.17;-0.61;3.85;-0.00;2.80;0.00;0.00;3.67;0.00;0.00;1.57;0.00;-8.31;-17.01;-86.52;-177.69
10.87;3.30;0.49;2.39;-0.41;3.85;0.00;2.80;0.00;0.00;3.73;0.00;0.00;1.57;0.00;-9.81;-18.50;-102.13;-193.36
11.00;3.41;0.79;2.29;-0.67;1.17;-0.00;2.80;0.00;0.00;3.75;0.00;0.00;1.57;0.00;29.17;33.65;303.50;351.62
11.14;3.55;0.84;2.18;-0.68;1.17;0.00;2.80;0.00;0.00;3.75;0.00;0.00;1.57;0.00;30.59;35.07;318.30;366.49
11.27;3.47;0.11;2.25;-0.09;1.15;-0.00;2.80;0.00;0.00;3.75;0.00;0.00;1.57;0.00;29.03;33.69;302.04;352.07
11.41;3.46;0.02;2.26;-0.01;1.15;0.00;2.80;0.00;0.00;3.75;0.00;0.00;1.57;0.00;28.81;33.47;299.77;349.78
11.54;3.46;0.02;2.26;-0.01;1.07;-0.00;2.80;0.00;0.00;3.75;0.00;0.00;1.57;0.00;25.48;30.99;265.19;323.83
11.68;3.40;0.03;2.34;0.07;1.07;0.00;2.80;0.00;0.00;3.75;0.00;0.00;1.57;0.00;24.47;29.98;254.64;313.24
11.81;3.56;1.61;2.41;0.67;0.92;-0.00;2.80;0.00;0.00;3.75;0.00;0.00;1.57;0.00;13.96;20.88;145.26;218.23
11.95;3.81;1.96;2.48;0.54;0.76;-0.00;2.80;0.00;0.00;3.75;0.00;0.00;1.57;0.00;-0.04;8.25;-0.39;86.23
12.08;3.66;0.33;2.48;0.23;0.76;0.00;2.80;0.00;0.00;3.75;0.00;0.00;1.57;0.00;2.99;11.28;31.06;117.82
12.22;3.70;0.32;2.51;0.23;0.46;-0.00;2.80;0.00;0.00;3.75;0.00;0.00;1.57;0.00;-12.15;-1.92;-126.45;-20.11
12.35;3.68;0.35;2.53;0.08;0.46;0.00;2.80;0.00;0.00;3.75;0.00;0.00;1.57;0.00;-12.06;-1.83;-125.51;-19.17
12.48;3.69;0.24;2.57;0.20;4.21;0.00;2.80;0.00;0.00;3.75;0.00;0.00;1.57;0.00;-14.41;-19.93;-149.91;-208.25
12.62;3.46;-0.67;2.91;1.25;4.21;0.00;2.80;0.00;0.00;3.75;0.00;0.00;1.57;0.00;-9.24;-14.76;-96.11;-154.23
12.75;3.28;-0.88;3.12;1.37;0.83;-0.00;2.80;0.00;0.00;3.75;0.00;0.00;1.57;0.00;-0.04;7.69;-0.45;80.38
12.89;3.02;-1.10;3.39;1.47;0.83;0.00;2.80;0.00;0.00;3.75;0.00;0.00;1.57;0.00;-0.55;7.18;-5.77;75.04
13.02;2.92;-0.89;3.48;1.07;0.90;0.00;2.80;0.00;0.00;3.75;0.00;0.00;1.57;0.00;0.37;7.52;3.86;78.54
13.16;2.83;-0.78;3.56;0.88;0.90;0.00;2.80;0.00;0.00;3.75;0.00;0.00;1.57;0.00;0.22;7.37;2.30;76.98
13.29;2.70;-0.93;3.61;0.76;0.93;0.00;2.80;0.00;0.00;3.75;0.00;0.00;1.57;0.00;1.41;8.26;14.69;86.28
13.43;2.58;-0.95;3.71;0.76;0.93;0.00;2.80;0.00;0.00;3.75;0.00;0.00;1.57;0.00;1.34;8.18;13.92;85.51
13.56;2.72;-0.03;3.58;0.02;0.91;-0.00;2.80;0.00;0.00;3.75;0.00;0.00;1.57;0.00;1.80;8.79;18.72;91.83
13.69;2.72;-0.01;3.58;0.01;0.92;0.00;2.80;0.00;0.00;3.75;0.00;0.00;1.57;0.00;1.86;8.80;19.32;91.93
13.83;2.95;0.74;3.39;-0.65;0.92;0.00;2.80;0.00;0.00;3.75;0.00;0.00;1.57;0.00;2.06;9.00;21.41;94.03
13.96;3.06;0.83;3.29;-0.75;0.92;0.00;2.80;0.00;0.00;3.75;0.00;0.00;1.57;0.00;2.38;9.30;24.72;97.19
14.10;2.97;0.04;3.38;-0.01;0.92;0.00;2.80;0.00;0.00;3.75;0.00;0.00;1.57;0.00;2.05;8.98;21.33;93.79
14.23;2.96;0.01;3.39;0.01;0.92;0.00;2.80;0.00;0.00;3.75;0.00;0.00;1.57;0.00;2.00;8.90;20.86;92.98
14.36;2.91;0.02;3.43;-0.00;0.92;0.00;2.80;0.00;0.00;3.75;0.00;0.00;1.57;0.00;1.82;8.72;18.98;91.09
14.50;2.91;0.03;3.44;-0.00;0.92;-0.00;2.80;0.00;0.00;3.75;0.00;0.00;1.57;0.00;1.76;8.67;18.33;90.61
14.64;2.91;0.03;3.44;0.00;0.92;0.00;2.80;0.00;0.00;3.75;0.00;0.00;1.57;0.00;1.76;8.67;18.33;90.61
14.77;2.91;0.01;3.44;-0.00;0.92;-0.00;2.80;0.00;0.00;3.75;0.00;0.00;1.57;0.00;1.76;8.68;18.29;90.73
14.90;2.91;-0.01;3.43;-0.01;0.92;0.00;2.80;0.00;0.00;3.75;0.00;0.00;1.57;0.00;1.87;8.80;19.48;91.93
15.04;2.90;-0.05;3.43;-0.02;0.92;-0.00;2.80;0.00;0.00;3.75;0.00;0.00;1.57;0.00;2.01;8.97;20.95;93.73
15.17;2.89;-0.08;3.43;-0.03;0.92;0.00;2.80;0.00;0.00;3.75;0.00;0.00;1.57;0.00;2.25;9.21;23.46;96.26
15.31;2.89;-0.03;3.43;-0.01;0.91;-0.00;2.80;0.00;0.00;3.75;0.00;0.00;1.57;0.00;2.18;9.15;22.64;95.60
15.44;2.89;-0.03;3.43;-0.01;0.91;0.00;2.80;0.00;0.00;3.75;0.00;0.00;1.57;0.00;2.29;9.26;23.84;96.80
15.58;2.90;0.00;3.43;0.01;0.91;0.00;2.80;0.00;0.00;3.75;0.00;0.00;1.57;0.00;2.04;9.01;21.21;94.16
15.71;2.90;0.00;3.43;0.01;0.92;0.00;2.80;0.00;0.00;3.75;0.00;0.00;1.57;0.00;2.00;8.95;20.78;93.57
15.84;2.91;0.05;3.43;-0.01;0.92;0.00;2.80;0.00;0.00;3.75;0.00;0.00;1.57;0.00;1.83;8.79;19.03;91.80
15.98;2.92;0.07;3.43;-0.01;0.92;0.00;2.80;0.00;0.00;3.75;0.00;0.00;1.57;0.00;1.76;8.67;18.33;90.60
16.11;2.92;0.07;3.43;0.01;0.92;0.00;2.80;0.00;0.00;3.75;0.00;0.00;1.57;0.00;1.63;8.54;16.95;89.23
16.25;2.93;0.08;3.44;0.01;0.93;0.00;2.80;0.00;0.00;3.75;0.00;0.00;1.57;0.00;1.50;8.37;15.57;87.50
16.38;2.93;0.07;3.44;0.01;0.93;0.00;2.80;0.00;0.00;3.75;0.00;0.00;1.57;0.00;1.43;8.31;14.86;86.79
16.51;2.94;0.06;3.44;0.01;0.93;0.00;2.80;0.00;0.00;3.75;0.00;0.00;1.57;0.00;1.38;8.24;14.38;86.14
16.65;2.93;0.05;3.44;-0.00;0.93;0.00;2.80;0.00;0.00;3.75;0.00;0.00;1.57;0.00;1.48;8.34;15.39;87.16
16.78;2.93;0.02;3.44;0.00;0.93;0.00;2.80;0.00;0.00;3.75;0.00;0.00;1.57;0.00;1.51;8.38;15.75;87.51
16.92;2.93;0.01;3.44;0.01;0.93;0.00;2.80;0.00;0.00;3.75;0.00;0.00;1.57;0.00;1.52;8.38;15.81;87.57
17.05;2.92;-0.01;3.44;0.01;0.93;0.00;2.80;0.00;0.00;3.75;0.00;0.00;1.57;0.00;1.56;8.43;16.28;88.05
17.19;2.92;-0.01;3.44;0.01;0.93;0.00;2.80;0.00;0.00;3.75;0.00;0.00;1.57;0.00;1.59;8.46;16.58;88.35
17.32;2.91;-0.05;3.44;-0.03;0.93;-0.00;2.80;0.00;0.00;3.75;0.00;0.00;1.57;0.00;1.81;8.68;18.79;90.74
17.45;2.90;-0.07;3.43;-0.04;0.93;0.00;2.80;0.00;0.00;3.75;0.00;0.00;1.57;0.00;2.07;8.95;21.59;93.55
17.59;2.90;-0.04;3.44;0.01;0.93;0.00;2.80;0.00;0.00;3.75;0.00;0.00;1.57;0.00;1.96;8.84;20.40;92.36
17.72;2.90;-0.05;3.44;0.01;0.93;0.00;2.80;0.00;0.00;3.75;0.00;0.00;1.57;0.00;2.00;8.88;20.82;92.78
17.86;2.91;-0.01;3.44;0.00;0.93;0.00;2.80;0.00;0.00;3.75;0.00;0.00;1.57;0.00;1.88;8.76;19.57;91.52
17.99;2.91;-0.01;3.44;-0.00;0.93;0.00;2.80;0.00;0.00;3.75;0.00;0.00;1.57;0.00;1.90;8.76;19.79;91.58
18.12;2.91;-0.01;3.43;-0.02;0.93;0.00;2.80;0.00;0.00;3.75;0.00;0.00;1.57;0.00;1.98;8.84;20.62;92.41
18.26;2.91;-0.02;3.43;-0.02;0.93;-0.00;2.80;0.00;0.00;3.75;0.00;0.00;1.57;0.00;2.04;8.92;21.23;93.19
18.39;2.90;-0.04;3.43;-0.01;0.93;0.00;2.80;0.00;0.00;3.75;0.00;0.00;1.57;0.00;2.12;9.00;22.07;94.03
18.53;2.90;-0.02;3.43;-0.01;0.92;-0.00;2.80;0.00;0.00;3.75;0.00;0.00;1.57;0.00;2.09;9.00;21.80;94.09
18.66;2.91;0.01;3.43;-0.01;0.92;0.00;2.80;0.00;0.00;3.75;0.00;0.00;1.57;0.00;1.99;8.90;20.72;93.01
18.80;2.91;-0.00;3.43;-0.02;0.92;0.00;2.80;0.00;0.00;3.75;0.00;0.00;1.57;0.00;2.02;8.93;21.01;93.30
18.93;2.90;-0.02;3.43;-0.03;0.92;0.00;2.80;0.00;0.00;3.75;0.00;0.00;1.57;0.00;2.12;9.03;22.08;94.38
19.06;2.91;0.02;3.43;-0.00;0.92;0.00;2.80;0.00;0.00;3.75;0.00;0.00;1.57;0.00;2.02;8.93;21.07;93.36
19.20;2.91;0.04;3.43;0.00;0.92;0.00;2.80;0.00;0.00;3.75;0.00;0.00;1.57;0.00;1.90;8.81;19.76;92.04
19.33;2.91;-0.01;3.43;0.01;0.92;-0.00;2.80;0.00;0.00;3.75;0.00;0.00;1.57;0.00;1.86;8.79;19.36;91.80
19.47;2.91;-0.01;3.43;0.01;0.92;0.00;2.80;0.00;0.00;3.75;0.00;0.00;1.57;0.00;1.87;8.80;19.48;91.93
19.60;2.91;0.02;3.43;0.01;0.92;0.00;2.80;0.00;0.00;3.75;0.00;0.00;1.57;0.00;1.81;8.74;18.88;91.33
19.74;2.91;0.03;3.44;0.01;0.92;0.00;2.80;0.00;0.00;3.75;0.00;0.00;1.57;0.00;1.77;8.66;18.38;90.50
19.87;2.92;0.04;3.44;0.03;0.92;0.00;2.80;0.00;0.00;3.75;0.00;0.00;1.57;0.00;1.59;8.48;16.54;88.64
20.00;2.92;0.04;3.44;0.03;0.93;0.00;2.80;0.00;0.00;3.75;0.00;0.00;1.57;0.00;1.43;8.31;14.92;86.85
20.14;2.92;-0.00;3.44;0.01;0.93;0.00;2.80;0.00;0.00;3.75;0.00;0.00;1.57;0.00;1.62;8.50;16.89;88.83
20.27;2.92;0.01;3.44;0.01;0.93;0.00;2.80;0.00;0.00;3.75;0.00;0.00;1.57;0.00;1.64;8.51;17.12;88.89
20.41;2.93;0.07;3.44;0.01;0.93;0.00;2.80;0.00;0.00;3.75;0.00;0.00;1.57;0.00;1.50;8.36;15.57;87.34
20.54;2.93;0.03;3.44;0.00;0.93;0.00;2.80;0.00;0.00;3.75;0.00;0.00;1.57;0.00;1.47;8.33;15.27;87.04
20.68;2.92;-0.05;3.43;-0.01;0.93;0.00;2.80;0.00;0.00;3.75;0.00;0.00;1.57;0.00;1.82;8.68;18.90;90.68
20.81;2.91;-0.04;3.43;-0.02;0.92;-0.00;2.80;0.00;0.00;3.75;0.00;0.00;1.57;0.00;1.94;8.83;20.17;92.29
20.94;2.90;-0.05;3.43;-0.03;0.92;0.00;2.80;0.00;0.00;3.75;0.00;0.00;1.57;0.00;2.11;9.00;21.96;94.09
21.08;2.90;-0.08;3.43;-0.03;0.92;-0.00;2.80;0.00;0.00;3.75;0.00;0.00;1.57;0.00;2.22;9.14;23.06;95.52
21.21;2.88;-0.10;3.42;-0.04;0.92;0.00;2.80;0.00;0.00;3.75;0.00;0.00;1.57;0.00;2.51;9.44;26.17;98.65
21.35;2.89;-0.04;3.43;-0.02;0.91;-0.00;2.80;0.00;0.00;3.75;0.00;0.00;1.57;0.00;2.34;9.31;24.31;97.28
21.48;2.88;-0.05;3.42;-0.02;0.91;-0.00;2.80;0.00;0.00;3.75;0.00;0.00;1.57;0.00;2.49;9.48;25.89;99.02
21.62;2.90;0.01;3.43;0.01;0.91;0.00;2.80;0.00;0.00;3.75;0.00;0.00;1.57;0.00;2.06;9.05;21.46;94.58
21.75;2.90;0.02;3.43;0.02;0.91;0.00;2.80;0.00;0.00;3.75;0.00;0.00;1.57;0.00;1.96;8.95;20.44;93.56
21.89;2.90;-0.00;3.43;-0.01;0.91;0.00;2.80;0.00;0.00;3.75;0.00;0.00;1.57;0.00;1.99;8.98;20.73;93.85
22.02;2.90;0.01;3.43;-0.01;0.92;0.00;2.80;0.00;0.00;3.75;0.00;0.00;1.57;0.00;2.08;9.04;21.65;94.44
22.16;2.91;0.06;3.43;0.02;0.92;0.00;2.80;0.00;0.00;3.75;0.00;0.00;1.57;0.00;1.78;8.73;18.48;91.26
22.29;2.92;0.07;3.44;0.02;0.92;0.00;2.80;0.00;0.00;3.75;0.00;0.00;1.57;0.00;1.65;8.56;17.20;89.47
22.42;2.92;0.05;3.44;0.02;0.92;0.00;2.80;0.00;0.00;3.75;0.00;0.00;1.57;0.00;1.58;8.49;16.42;88.69
22.56;2.92;0.02;3.44;0.00;0.92;0.00;2.80;0.00;0.00;3.75;0.00;0.00;1.57;0.00;1.64;8.55;17.02;89.29
22.69;2.91;-0.01;3.43;-0.01;0.92;0.00;2.80;0.00;0.00;3.75;0.00;0.00;1.57;0.00;1.84;8.75;19.17;91.45
22.83;2.91;0.00;3.43;-0.00;0.92;0.00;2.80;0.00;0.00;3.75;0.00;0.00;1.57;0.00;1.90;8.81;19.76;92.05
22.96;2.91;0.01;3.43;0.00;0.92;0.00;2.80;0.00;0.00;3.75;0.00;0.00;1.57;0.00;1.86;8.77;19.40;91.69
23.10;2.91;0.01;3.43;0.01;0.92;0.00;2.80;0.00;0.00;3.75;0.00;0.00;1.57;0.00;1.82;8.72;18.98;91.09
23.23;2.91;0.01;3.44;0.01;0.92;0.00;2.80;0.00;0.00;3.75;0.00;0.00;1.57;0.00;1.78;8.68;18.56;90.68
23.36;2.91;-0.02;3.43;-0.02;0.92;0.00;2.80;0.00;0.00;3.75;0.00;0.00;1.57;0.00;1.96;8.85;20.41;92.53
23.50;2.91;-0.03;3.43;-0.03;0.92;0.00;2.80;0.00;0.00;3.75;0.00;0.00;1.57;0.00;2.08;8.98;21.66;93.78
23.63;2.91;-0.01;3.43;0.01;0.92;0.00;2.80;0.00;0.00;3.75;0.00;0.00;1.57;0.00;1.99;8.88;20.71;92.83
23.77;2.90;-0.01;3.43;0.01;0.92;-0.00;2.80;0.00;0.00;3.75;0.00;0.00;1.57;0.00;1.96;8.87;20.43;92.71
23.90;2.90;-0.02;3.43;-0.01;0.92;0.00;2.80;0.00;0.00;3.75;0.00;0.00;1.57;0.00;2.03;8.94;21.08;93.37
24.04;2.90;-0.03;3.43;-0.02;0.92;-0.00;2.80;0.00;0.00;3.75;0.00;0.00;1.57;0.00;2.08;9.02;21.64;94.27
24.17;2.89;-0.08;3.43;-0.02;0.92;0.00;2.80;0.00;0.00;3.75;0.00;0.00;1.57;0.00;2.36;9.30;24.52;97.15
24.30;2.88;-0.06;3.43;-0.02;0.92;-0.00;2.80;0.00;0.00;3.75;0.00;0.00;1.57;0.00;2.43;9.38;25.26;98.06
24.44;2.89;-0.01;3.43;-0.00;0.92;0.00;2.80;0.00;0.00;3.75;0.00;0.00;1.57;0.00;2.24;9.20;23.34;96.13
24.57;2.90;0.00;3.43;0.00;0.92;0.00;2.80;0.00;0.00;3.75;0.00;0.00;1.57;0.00;2.15;9.09;22.36;94.99
24.71;2.90;0.01;3.43;0.01;0.92;0.00;2.80;0.00;0.00;3.75;0.00;0.00;1.57;0.00;1.99;8.94;20.75;93.37
24.84;2.91;0.05;3.44;0.02;0.92;0.00;2.80;0.00;0.00;3.75;0.00;0.00;1.57;0.00;1.83;8.75;19.01;91.45
24.98;2.92;0.07;3.44;0.03;0.92;0.00;2.80;0.00;0.00;3.75;0.00;0.00;1.57;0.00;1.58;8.51;16.44;88.88
25.11;2.92;0.03;3.44;-0.00;0.92;0.00;2.80;0.00;0.00;3.75;0.00;0.00;1.57;0.00;1.73;8.62;17.97;90.08
25.24;2.92;0.03;3.44;-0.00;0.92;0.00;2.80;0.00;0.00;3.75;0.00;0.00;1.57;0.00;1.68;8.57;17.49;89.60
25.38;2.91;-0.01;3.44;0.01;0.92;0.00;2.80;0.00;0.00;3.75;0.00;0.00;1.57;0.00;1.85;8.75;19.28;91.40
25.51;2.91;-0.01;3.44;0.01;0.92;0.00;2.80;0.00;0.00;3.75;0.00;0.00;1.57;0.00;1.86;8.76;19.40;91.52
25.65;2.91;0.03;3.44;0.01;0.92;0.00;2.80;0.00;0.00;3.75;0.00;0.00;1.57;0.00;1.76;8.65;18.27;90.38
25.78;2.92;0.03;3.44;0.01;0.92;0.00;2.80;0.00;0.00;3.75;0.00;0.00;1.57;0.00;1.66;8.56;17.31;89.42
25.92;2.90;-0.06;3.43;-0.01;0.92;0.00;2.80;0.00;0.00;3.75;0.00;0.00;1.57;0.00;1.98;8.87;20.59;92.71
26.05;2.90;-0.06;3.43;-0.02;0.92;0.00;2.80;0.00;0.00;3.75;0.00;0.00;1.57;0.00;2.15;9.04;22.32;94.45
26.18;2.90;0.01;3.43;-0.01;0.92;0.00;2.80;0.00;0.00;3.75;0.00;0.00;1.57;0.00;2.05;8.94;21.30;93.43
26.32;2.91;0.01;3.43;-0.01;0.92;-0.00;2.80;0.00;0.00;3.75;0.00;0.00;1.57;0.00;1.96;8.87;20.36;92.65
26.45;2.91;0.01;3.43;0.00;0.92;0.00;2.80;0.00;0.00;3.75;0.00;0.00;1.57;0.00;1.86;8.77;19.35;91.63
26.59;2.91;-0.00;3.43;-0.01;0.92;0.00;2.80;0.00;0.00;3.75;0.00;0.00;1.57;0.00;1.90;8.81;19.76;92.05
26.72;2.91;-0.01;3.43;-0.01;0.92;0.00;2.80;0.00;0.00;3.75;0.00;0.00;1.57;0.00;1.97;8.88;20.54;92.83
26.86;2.91;0.03;3.43;0.01;0.92;0.00;2.80;0.00;0.00;3.75;0.00;0.00;1.57;0.00;1.86;8.77;19.35;91.63
26.99;2.91;0.04;3.44;0.01;0.92;0.00;2.80;0.00;0.00;3.75;0.00;0.00;1.57;0.00;1.74;8.65;18.15;90.43
27.12;2.91;0.00;3.43;0.00;0.92;0.00;2.80;0.00;0.00;3.75;0.00;0.00;1.57;0.00;1.80;8.71;18.75;91.03
27.26;2.91;0.00;3.43;-0.00;0.92;0.00;2.80;0.00;0.00;3.75;0.00;0.00;1.57;0.00;1.78;8.69;18.57;90.85
27.40;2.90;-0.03;3.43;-0.00;0.92;0.00;2.80;0.00;0.00;3.75;0.00;0.00;1.57;0.00;1.96;8.87;20.43;92.71
27.53;2.90;-0.04;3.43;-0.00;0.92;-0.00;2.80;0.00;0.00;3.75;0.00;0.00;1.57;0.00;2.01;8.95;20.88;93.50
27.66;2.90;-0.01;3.43;-0.00;0.92;0.00;2.80;0.00;0.00;3.75;0.00;0.00;1.57;0.00;1.97;8.91;20.52;93.14
27.80;2.90;-0.01;3.43;-0.00;0.92;0.00;2.80;0.00;0.00;3.75;0.00;0.00;1.57;0.00;2.01;8.94;20.92;93.38
27.93;2.91;0.02;3.44;0.01;0.92;0.00;2.80;0.00;0.00;3.75;0.00;0.00;1.57;0.00;1.79;8.71;18.59;91.04
28.07;2.91;0.03;3.44;0.02;0.92;0.00;2.80;0.00;0.00;3.75;0.00;0.00;1.57;0.00;1.71;8.62;17.80;90.08
28.20;2.91;0.02;3.44;0.04;0.92;0.00;2.80;0.00;0.00;3.75;0.00;0.00;1.57;0.00;1.56;8.47;16.26;88.53
28.34;2.92;0.05;3.44;0.02;0.92;0.00;2.80;0.00;0.00;3.75;0.00;0.00;1.57;0.00;1.49;8.39;15.53;87.63
28.47;2.93;0.07;3.44;0.00;0.92;0.00;2.80;0.00;0.00;3.75;0.00;0.00;1.57;0.00;1.42;8.32;14.81;86.91
28.60;2.92;0.02;3.44;0.01;0.93;0.00;2.80;0.00;0.00;3.75;0.00;0.00;1.57;0.00;1.52;8.39;15.87;87.64
28.74;2.92;0.01;3.44;0.01;0.93;0.00;2.80;0.00;0.00;3.75;0.00;0.00;1.57;0.00;1.52;8.38;15.81;87.58
28.87;2.92;-0.01;3.44;0.00;0.93;0.00;2.80;0.00;0.00;3.75;0.00;0.00;1.57;0.00;1.66;8.52;17.29;89.07
29.01;2.91;-0.01;3.44;0.00;0.93;0.00;2.80;0.00;0.00;3.75;0.00;0.00;1.57;0.00;1.70;8.56;17.65;89.43
29.14;2.92;0.02;3.44;-0.02;0.93;0.00;2.80;0.00;0.00;3.75;0.00;0.00;1.57;0.00;1.72;8.58;17.89;89.67
29.28;2.92;0.03;3.43;-0.03;0.93;-0.00;2.80;0.00;0.00;3.75;0.00;0.00;1.57;0.00;1.70;8.57;17.66;89.60
29.41;2.91;-0.03;3.44;0.00;0.93;0.00;2.80;0.00;0.00;3.75;0.00;0.00;1.57;0.00;1.77;8.64;18.37;90.32
29.55;2.91;-0.03;3.44;0.00;0.93;0.00;2.80;0.00;0.00;3.75;0.00;0.00;1.57;0.00;1.83;8.71;19.09;91.04
29.68;2.91;-0.02;3.43;-0.03;0.93;0.00;2.80;0.00;0.00;3.75;0.00;0.00;1.57;0.00;1.94;8.82;20.16;92.11
29.81;2.91;-0.02;3.43;-0.03;0.92;-0.00;2.80;0.00;0.00;3.75;0.00;0.00;1.57;0.00;2.00;8.91;20.78;93.07
29.95;2.91;-0.01;3.43;-0.01;0.92;0.00;2.80;0.00;0.00;3.75;0.00;0.00;1.57;0.00;1.92;8.83;20.00;92.29
30.08;2.91;-0.02;3.43;-0.01;0.92;-0.00;2.80;0.00;0.00;3.75;0.00;0.00;1.57;0.00;1.93;8.86;20.13;92.58
30.22;2.90;-0.03;3.43;-0.01;0.92;0.00;2.80;0.00;0.00;3.75;0.00;0.00;1.57;0.00;2.00;8.93;20.85;93.31
30.35;2.91;0.01;3.43;-0.00;0.92;0.00;2.80;0.00;0.00;3.75;0.00;0.00;1.57;0.00;1.92;8.83;19.94;92.23
30.49;2.92;0.05;3.43;0.00;0.92;0.00;2.80;0.00;0.00;3.75;0.00;0.00;1.57;0.00;1.76;8.67;18.27;90.55
30.62;2.92;0.02;3.44;0.02;0.92;0.00;2.80;0.00;0.00;3.75;0.00;0.00;1.57;0.00;1.64;8.55;17.02;89.29
3