=~=~=~=~=~=~=~=~=~=~=~= PuTTY log 2024.06.19 13:55:34 =~=~=~=~=~=~=~=~=~=~=~=
0.13;2.52;0.00;0.47;0.01;1.53;0.00;0.00;0.00;0.00;0.00;0.00;0.00;0.00;0.00;0.00;0.00;0.00;0.00
0.26;2.50;0.00;0.46;0.01;1.53;0.00;0.00;0.00;0.00;0.00;0.00;0.00;0.00;0.00;0.00;0.00;0.00;0.00
0.40;2.50;0.03;0.46;-0.01;1.54;0.00;0.00;0.00;0.00;0.00;0.00;0.00;0.00;0.00;0.00;0.00;0.00;0.00
0.53;2.51;0.04;0.46;-0.01;1.54;0.00;0.00;0.00;0.00;0.00;0.00;0.00;0.00;0.00;0.00;0.00;0.00;0.00
0.66;2.03;-3.33;0.34;-0.73;1.54;0.00;0.00;0.00;0.00;0.00;0.00;0.00;0.00;0.00;0.00;0.00;0.00;0.00
0.80;1.52;-4.36;0.24;-0.95;0.66;-0.00;0.00;0.00;0.00;0.00;0.00;0.00;0.00;0.00;0.00;0.00;0.00;0.00
0.93;1.96;-0.12;0.31;-0.03;0.66;0.00;0.00;0.00;0.00;0.00;0.00;0.00;0.00;0.00;0.00;0.00;0.00;0.00
1.06;2.00;0.01;0.31;-0.00;0.65;-0.00;0.00;0.00;0.00;0.00;0.00;0.00;0.00;0.00;0.00;0.00;0.00;0.00
1.20;2.27;-0.00;0.37;-0.01;0.65;0.00;0.00;0.00;0.00;0.00;0.00;0.00;0.00;0.00;0.00;0.00;0.00;0.00
1.33;2.27;-0.01;0.37;-0.02;0.62;-0.00;0.00;0.00;0.00;0.00;0.00;0.00;0.00;0.00;0.00;0.00;0.00;0.00
1.46;2.27;-0.03;0.37;-0.02;0.62;0.00;0.00;0.00;0.00;0.00;0.00;0.00;0.00;0.00;0.00;0.00;0.00;0.00
1.60;2.27;-0.01;0.37;-0.01;0.64;0.00;0.00;0.00;0.00;0.00;0.00;0.00;0.00;0.00;0.00;0.00;0.00;0.00
1.73;2.27;0.03;0.37;0.01;0.64;0.00;0.00;0.00;0.00;0.00;0.00;0.00;0.00;0.00;0.00;0.00;0.00;0.00
1.86;2.27;-0.01;0.38;0.00;0.62;-0.00;0.00;0.00;0.00;0.00;0.00;0.00;0.00;0.00;0.00;0.00;0.00;0.00
2.00;2.27;-0.05;0.37;-0.01;0.62;0.00;0.00;0.00;0.00;0.00;0.00;0.00;0.00;0.00;0.00;0.00;0.00;0.00
2.13;2.26;-0.03;0.37;-0.01;0.59;-0.00;0.00;0.00;0.00;0.00;0.00;0.00;0.00;0.00;0.00;0.00;0.00;0.00
2.27;2.26;-0.03;0.37;-0.01;0.59;0.00;0.00;0.00;0.00;0.00;0.00;0.00;0.00;0.00;0.00;0.00;0.00;0.00
2.40;2.27;0.00;0.37;-0.00;0.60;0.00;0.00;0.00;0.00;0.00;0.00;0.00;0.00;0.00;0.00;0.00;0.00;0.00
2.53;2.27;0.01;0.37;0.00;0.60;0.00;0.00;0.00;0.00;0.00;0.00;0.00;0.00;0.00;0.00;0.00;0.00;0.00
2.66;2.27;-0.00;0.37;-0.02;0.59;-0.00;0.00;0.00;0.00;0.00;0.00;0.00;0.00;0.00;0.00;0.00;0.00;0.00
2.80;2.27;-0.00;0.37;-0.03;0.59;0.00;0.00;0.00;0.00;0.00;0.00;0.00;0.00;0.00;0.00;0.00;0.00;0.00
2.93;2.27;0.00;0.37;0.02;0.62;0.00;0.00;0.00;0.00;0.00;0.00;0.00;0.00;0.00;0.00;0.00;0.00;0.00
3.07;2.27;0.01;0.38;0.02;0.66;0.00;0.00;0.00;0.00;0.00;0.00;0.00;0.00;0.00;0.00;0.00;0.00;0.00
3.20;2.29;0.11;0.38;0.04;0.66;0.00;0.00;0.00;0.00;0.00;0.00;0.00;0.00;0.00;0.00;0.00;0.00;0.00
3.33;2.30;0.13;0.39;0.03;0.70;0.00;0.00;0.00;0.00;0.00;0.00;0.00;0.00;0.00;0.00;0.00;0.00;0.00
3.47;2.29;0.04;0.38;0.00;0.70;0.00;0.00;0.00;0.00;0.00;0.00;0.00;0.00;0.00;0.00;0.00;0.00;0.00
3.60;2.29;0.03;0.38;-0.00;0.69;-0.00;0.00;0.00;0.00;0.00;0.00;0.00;0.00;0.00;0.00;0.00;0.00;0.00
3.73;2.28;-0.00;0.38;0.00;0.69;0.00;0.00;0.00;0.00;0.00;0.00;0.00;0.00;0.00;0.00;0.00;0.00;0.00
3.87;2.28;-0.00;0.38;-0.00;0.69;-0.00;0.00;0.00;0.00;0.00;0.00;0.00;0.00;0.00;0.00;0.00;0.00;0.00
4.00;2.28;0.00;0.37;-0.01;0.69;0.00;2.80;0.00;0.00;0.30;0.00;0.00;1.57;0.00;5.82;14.66;60.57;153.23
4.14;2.28;-0.00;0.37;-0.05;0.67;-0.00;2.80;0.00;0.00;0.37;0.00;0.00;1.57;0.00;7.24;16.23;75.38;169.55
4.27;2.27;-0.01;0.37;-0.03;0.67;0.00;2.80;0.00;0.00;0.44;0.00;0.00;1.57;0.00;8.60;17.58;89.50;183.73
4.41;2.27;-0.00;0.37;0.01;0.67;0.00;2.80;0.00;0.00;0.50;0.00;0.00;1.57;0.00;9.63;18.60;100.25;194.39
4.54;2.27;-0.01;0.37;0.02;0.67;0.00;2.80;0.00;0.00;0.57;0.00;0.00;1.57;0.00;10.79;19.75;112.23;206.42
4.67;2.67;1.89;0.64;2.49;5.40;0.00;2.80;0.00;0.00;0.64;0.00;0.00;1.57;0.00;-1.18;6.06;-12.30;63.28
4.81;3.00;1.79;1.11;2.90;5.45;0.00;2.80;0.00;0.00;0.70;0.00;0.00;1.57;0.00;0.87;8.59;9.03;89.75
4.94;2.63;-0.30;0.72;0.09;5.45;0.00;2.80;0.00;0.00;0.77;0.00;0.00;1.57;0.00;-1.66;6.06;-17.30;63.31
5.08;2.56;-0.36;0.69;-0.03;5.24;-0.00;2.80;0.00;0.00;0.84;0.00;0.00;1.57;0.00;-3.08;2.65;-32.08;27.67
5.21;2.48;-0.01;0.58;0.22;5.24;0.00;2.80;0.00;0.00;0.91;0.00;0.00;1.57;0.00;-6.46;-0.73;-67.25;-7.64
5.35;2.50;0.15;0.61;0.30;2.08;-0.00;2.80;0.00;0.00;0.97;0.00;0.00;1.57;0.00;7.70;2.18;80.14;22.76
5.48;2.83;1.20;0.78;0.74;2.08;0.00;2.80;0.00;0.00;1.04;0.00;0.00;1.57;0.00;9.68;4.16;100.75;43.46
5.62;2.90;0.83;0.84;0.58;2.00;-0.00;2.80;0.00;0.00;1.11;0.00;0.00;1.57;0.00;10.51;5.77;109.35;60.28
5.75;2.60;-0.47;0.73;-0.08;2.00;0.00;2.80;0.00;0.00;1.17;0.00;0.00;1.57;0.00;11.56;6.82;120.31;71.29
5.88;2.59;-0.00;0.68;-0.13;1.87;-0.00;2.80;0.00;0.00;1.24;0.00;0.00;1.57;0.00;15.31;11.93;159.30;124.66
6.02;2.69;0.47;0.63;-0.21;1.87;0.00;2.80;0.00;0.00;1.31;0.00;0.00;1.57;0.00;19.43;16.05;202.16;167.69
6.16;2.70;0.10;0.65;0.00;1.84;-0.00;2.80;0.00;0.00;1.38;0.00;0.00;1.57;0.00;20.95;17.90;218.04;187.04
6.29;2.69;0.00;0.66;0.05;1.84;0.00;2.80;0.00;0.00;1.44;0.00;0.00;1.57;0.00;22.25;19.20;231.56;200.61
6.42;2.33;-2.10;0.60;-0.82;1.69;-0.00;2.80;0.00;0.00;1.51;0.00;0.00;1.57;0.00;25.07;23.68;260.85;247.39
6.56;2.02;-2.16;0.46;-0.98;1.69;0.00;2.80;0.00;0.00;1.58;0.00;0.00;1.57;0.00;29.83;28.43;310.37;297.12
6.69;2.01;-0.90;0.55;-0.05;1.69;0.00;2.80;0.00;0.00;1.65;0.00;0.00;1.57;0.00;28.91;27.52;300.83;287.53
6.83;1.90;-0.85;0.56;-0.02;1.50;-0.00;2.80;0.00;0.00;1.71;0.00;0.00;1.57;0.00;34.21;34.99;355.97;365.58
6.96;2.16;0.06;0.89;0.84;1.50;0.00;2.80;0.00;0.00;1.78;0.00;0.00;1.57;0.00;26.37;27.14;274.35;283.62
7.10;2.19;0.12;1.01;0.80;1.35;-0.00;2.80;0.00;0.00;1.85;0.00;0.00;1.57;0.00;26.00;28.45;270.51;297.28
7.23;2.26;0.11;1.07;0.51;1.35;0.00;2.80;0.00;0.00;1.92;0.00;0.00;1.57;0.00;25.71;28.16;267.54;294.31
7.37;2.28;0.08;1.13;0.45;1.31;-0.00;2.80;0.00;0.00;1.98;0.00;0.00;1.57;0.00;25.80;28.78;268.50;300.73
7.50;2.28;-0.01;1.18;0.35;1.31;0.00;2.80;0.00;0.00;2.05;0.00;0.00;1.57;0.00;26.35;29.33;274.20;306.46
7.64;2.29;-0.05;1.26;0.52;1.21;-0.00;2.80;0.00;0.00;2.12;0.00;0.00;1.57;0.00;26.05;30.07;271.03;314.18
7.77;2.29;-0.03;1.35;0.55;1.21;0.00;2.80;0.00;0.00;2.19;0.00;0.00;1.57;0.00;25.38;29.40;264.11;307.23
7.91;2.32;0.08;1.35;0.33;2.17;0.00;2.80;0.00;0.00;2.25;0.00;0.00;1.57;0.00;16.80;10.31;174.83;107.75
8.04;2.36;0.13;1.35;0.26;2.17;0.00;2.80;0.00;0.00;2.32;0.00;0.00;1.57;0.00;18.89;12.40;196.56;129.57
8.18;2.39;0.06;1.41;0.24;1.18;-0.00;2.80;0.00;0.00;2.39;0.00;0.00;1.57;0.00;28.16;32.50;293.01;339.55
8.31;2.40;-0.01;1.42;0.00;1.18;0.00;2.80;0.00;0.00;2.46;0.00;0.00;1.57;0.00;29.49;33.83;306.89;353.49
8.44;2.43;0.10;1.53;0.49;1.18;0.00;2.80;0.00;0.00;2.52;0.00;0.00;1.57;0.00;28.14;32.48;292.85;339.39
8.58;2.45;0.17;1.60;0.45;1.07;-0.00;2.80;0.00;0.00;2.59;0.00;0.00;1.57;0.00;26.79;32.32;278.82;337.70
8.72;2.51;0.20;1.72;0.55;1.07;0.00;2.80;0.00;0.00;2.66;0.00;0.00;1.57;0.00;24.78;30.30;257.85;316.64
8.85;2.53;0.14;1.81;0.68;0.50;-0.00;2.80;0.00;0.00;2.72;0.00;0.00;1.57;0.00;14.14;24.19;147.14;252.81
8.98;2.58;0.17;2.03;0.98;0.50;0.00;2.80;0.00;0.00;2.79;0.00;0.00;1.57;0.00;10.96;21.01;114.05;219.58
9.12;2.61;0.22;2.15;0.97;0.94;0.00;2.80;0.00;0.00;2.86;0.00;0.00;1.57;0.00;16.17;22.93;168.24;239.64
9.25;2.68;0.32;2.20;0.66;0.94;0.00;2.80;0.00;0.00;2.93;0.00;0.00;1.57;0.00;15.41;22.18;160.35;231.72
9.39;2.72;0.29;2.27;0.59;0.80;-0.00;2.80;0.00;0.00;2.99;0.00;0.00;1.57;0.00;12.40;20.40;129.06;213.15
9.52;2.77;0.30;2.31;0.55;0.80;0.00;2.80;0.00;0.00;3.06;0.00;0.00;1.57;0.00;11.95;19.95;124.37;208.45
9.66;2.81;0.29;2.36;0.46;0.90;0.00;2.80;0.00;0.00;3.13;0.00;0.00;1.57;0.00;13.46;20.54;140.03;214.63
9.79;2.85;0.32;2.40;0.42;0.90;0.00;2.80;0.00;0.00;3.20;0.00;0.00;1.57;0.00;13.46;20.54;140.06;214.66
9.93;2.92;0.37;2.47;0.48;0.75;-0.00;2.80;0.00;0.00;3.26;0.00;0.00;1.57;0.00;8.92;17.25;92.79;180.23
10.06;2.97;0.43;2.54;0.54;0.75;0.00;2.80;0.00;0.00;3.33;0.00;0.00;1.57;0.00;7.73;16.06;80.45;167.84
10.19;3.00;0.36;2.60;0.50;0.93;0.00;2.80;0.00;0.00;3.40;0.00;0.00;1.57;0.00;11.36;18.18;118.26;189.96
10.33;3.05;0.36;2.67;0.51;0.93;0.00;2.80;0.00;0.00;3.47;0.00;0.00;1.57;0.00;10.46;17.27;108.80;180.45
10.47;3.06;0.21;2.72;0.44;0.93;0.00;2.80;0.00;0.00;3.53;0.00;0.00;1.57;0.00;10.87;17.68;113.10;184.78
10.60;3.09;0.20;2.79;0.47;0.93;0.00;2.80;0.00;0.00;3.60;0.00;0.00;1.57;0.00;10.39;17.21;108.14;179.79
10.73;3.11;0.16;2.84;0.43;0.89;-0.00;2.80;0.00;0.00;3.67;0.00;0.00;1.57;0.00;9.18;16.39;95.51;171.23
10.87;3.15;0.34;2.81;0.05;0.16;-0.00;2.80;0.00;0.00;3.73;0.00;0.00;1.57;0.00;-11.09;0.18;-115.41;1.93
11.00;3.12;-0.38;1.69;-5.18;0.16;0.00;2.80;0.00;0.00;3.75;0.00;0.00;1.57;0.00;-4.98;6.30;-51.81;65.79
11.14;3.07;-0.71;1.30;-5.48;0.16;0.00;2.80;0.00;0.00;3.75;0.00;0.00;1.57;0.00;-1.89;9.39;-19.62;98.11
11.27;3.07;-0.71;1.30;-5.48;0.16;0.00;2.80;0.00;0.00;3.75;0.00;0.00;1.57;0.00;-1.89;9.39;-19.62;98.11
11.40;3.07;-0.71;1.30;-5.48;0.16;0.00;2.80;0.00;0.00;3.75;0.00;0.00;1.57;0.00;-1.89;9.39;-19.62;98.11
11.54;3.07;-0.71;1.30;-5.48;0.16;0.00;2.80;0.00;0.00;3.75;0.00;0.00;1.57;0.00;-1.89;9.39;-19.62;98.11
11.67;3.07;-0.71;1.30;-5.48;0.16;0.00;2.80;0.00;0.00;3.75;0.00;0.00;1.57;0.00;-1.89;9.39;-19.62;98.11
11.80;3.07;-0.71;1.30;-5.48;0.16;0.00;2.80;0.00;0.00;3.75;0.00;0.00;1.57;0.00;-1.89;9.39;-19.62;98.11
11.94;3.07;-0.71;1.30;-5.48;0.16;0.00;2.80;0.00;0.00;3.75;0.00;0.00;1.57;0.00;-1.89;9.39;-19.62;98.11
12.07;3.07;-0.71;1.30;-5.48;0.16;0.00;2.80;0.00;0.00;3.75;0.00;0.00;1.57;0.00;-1.89;9.39;-19.62;98.11
12.20;3.07;-0.71;1.30;-5.48;0.16;0.00;2.80;0.00;0.00;3.75;0.00;0.00;1.57;0.00;-1.89;9.39;-19.62;98.11
12.34;3.07;-0.71;1.30;-5.48;0.16;0.00;2.80;0.00;0.00;3.75;0.00;0.00;1.57;0.00;-1.89;9.39;-19.62;98.11
12.47;3.07;-0.71;1.30;-5.48;0.16;0.00;2.80;0.00;0.00;3.75;0.00;0.00;1.57;0.00;-1.89;9.39;-19.62;98.11
12.60;3.07;-0.71;1.30;-5.48;0.16;0.00;2.80;0.00;0.00;3.75;0.00;0.00;1.57;0.00;-1.89;9.39;-19.62;98.11
12.73;3.07;-0.71;1.30;-5.48;0.16;0.00;2.80;0.00;0.00;3.75;0.00;0.00;1.57;0.00;-1.89;9.39;-19.62;98.11
12.87;3.07;-0.71;1.30;-5.48;0.16;0.00;2.80;0.00;0.00;3.75;0.00;0.00;1.57;0.00;-1.89;9.39;-19.62;98.11
13.00;3.07;-0.71;1.30;-5.48;0.16;0.00;2.80;0.00;0.00;3.75;0.00;0.00;1.57;0.00;-1.89;9.39;-19.62;98.11
13.13;3.07;-0.71;1.30;-5.48;0.16;0.00;2.80;0.00;0.00;3.75;0.00;0.00;1.57;0.00;-1.89;9.39;-19.62;98.11
13.27;3.07;-0.71;1.30;-5.48;0.16;0.00;2.80;0.00;0.00;3.75;0.00;0.00;1.57;0.00;-1.89;9.39;-19.62;98.11
13.40;3.07;-0.71;1.30;-5.48;0.16;0.00;2.80;0.00;0.00;3.75;0.00;0.00;1.57;0.00;-1.89;9.39;-19.62;98.11
13.53;3.07;-0.71;1.30;-5.48;0.16;0.00;2.80;0.00;0.00;3.75;0.00;0.00;1.57;0.00;-1.89;9.39;-19.62;98.11
13.67;3.07;-0.71;1.30;-5.48;0.16;0.00;2.80;0.00;0.00;3.75;0.00;0.00;1.57;0.00;-1.89;9.39;-19.62;98.11
13.80;3.07;-0.71;1.30;-5.48;0.16;0.00;2.80;0.00;0.00;3.75;0.00;0.00;1.57;0.00;-1.89;9.39;-19.62;98.11
13.93;3.07;-0.71;1.30;-5.48;0.16;0.00;2.80;0.00;0.00;3.75;0.00;0.00;1.57;0.00;-1.89;9.39;-19.62;98.11
14.07;3.07;-0.71;1.30;-5.48;0.16;0.00;2.80;0.00;0.00;3.75;0.00;0.00;1.57;0.00;-1.89;9.39;-19.62;98.11
14.20;3.07;-0.71;1.30;-5.48;0.16;0.00;2.80;0.00;0.00;3.75;0.00;0.00;1.57;0.00;-1.89;9.39;-19.62;98.11
14.33;3.07;-0.71;1.30;-5.48;0.16;0.00;2.80;0.00;0.00;3.75;0.00;0.00;1.57;0.00;-1.89;9.39;-19.62;98.11
14.47;3.07;-0.71;1.30;-5.48;0.16;0.00;2.80;0.00;0.00;3.75;0.00;0.00;1.57;0.00;-1.89;9.39;-19.62;98.11
14.60;3.07;-0.71;1.30;-5.48;0.16;0.00;2.80;0.00;0.00;3.75;0.00;0.00;1.57;0.00;-1.89;9.39;-19.62;98.11
14.73;3.07;-0.71;1.30;-5.48;0.16;0.00;2.80;0.00;0.00;3.75;0.00;0.00;1.57;0.00;-1.89;9.39;-19.62;98.11
14.87;663.57;-10.97;-27.44;-18.07;0.16;0.00;2.80;0.00;0.00;3.75;0.00;0.00;1.57;0.00;-18485.76;-18474.49;-192359.62;-193045.82
15.00;668.42;-10.12;-22.86;-16.71;0.16;0.00;2.80;0.00;0.00;3.75;0.00;0.00;1.57;0.00;-18643.68;-18632.41;-194002.92;-194696.00
15.14;668.42;-10.12;-22.86;-16.71;0.16;0.00;2.80;0.00;0.00;3.75;0.00;0.00;1.57;0.00;-18643.68;-18632.41;-194002.92;-194696.00
15.27;668.42;-10.12;-22.86;-16.71;0.16;0.00;2.80;0.00;0.00;3.75;0.00;0.00;1.57;0.00;-18643.68;-18632.41;-194002.92;-194696.00
15.41;735.65;2.75;-22.05;0.84;0.16;0.00;2.80;0.00;0.00;3.75;0.00;0.00;1.57;0.00;-20542.72;-20531.45;-213764.00;-214539.67
15.54;735.65;2.75;-22.05;0.84;0.16;0.00;2.80;0.00;0.00;3.75;0.00;0.00;1.57;0.00;-20542.72;-20531.45;-213764.00;-214539.67
15.68;735.65;2.75;-22.05;0.84;0.16;0.00;2.80;0.00;0.00;3.75;0.00;0.00;1.57;0.00;-20542.72;-20531.45;-213764.00;-214539.67
15.81;735.65;2.75;-22.05;0.84;0.16;0.00;2.80;0.00;0.00;3.75;0.00;0.00;1.57;0.00;-20542.72;-20531.45;-213764.00;-214539.67
15.94;784.05;-0.73;26.35;-2.61;0.16;0.00;2.80;0.00;0.00;3.75;0.00;0.00;1.57;0.00;-22132.72;-22121.45;-230309.26;-231154.09
16.08;99.99;3.88;30.86;3.89;0.16;0.00;2.80;0.00;0.00;3.75;0.00;0.00;1.57;0.00;-2871.73;-2860.46;-29882.76;-29889.85
16.21;99.99;3.88;30.86;3.89;0.16;0.00;2.80;0.00;0.00;3.75;0.00;0.00;1.57;0.00;-2871.73;-2860.46;-29882.76;-29889.85
16.35;99.99;3.88;30.86;3.89;0.16;0.00;2.80;0.00;0.00;3.75;0.00;0.00;1.57;0.00;-2871.73;-2860.46;-29882.76;-29889.85
16.48;99.99;3.88;30.86;3.89;0.16;0.00;2.80;0.00;0.00;3.75;0.00;0.00;1.57;0.00;-2871.73;-2860.46;-29882.76;-29889.85
16.61;99.99;3.88;30.86;3.89;0.16;0.00;2.80;0.00;0.00;3.75;0.00;0.00;1.57;0.00;-2871.73;-2860.46;-29882.76;-29889.85
16.75;99.99;3.88;30.86;3.89;0.16;0.00;2.80;0.00;0.00;3.75;0.00;0.00;1.57;0.00;-2871.73;-2860.46;-29882.76;-29889.85
16.88;99.99;3.88;30.86;3.89;0.16;0.00;2.80;0.00;0.00;3.75;0.00;0.00;1.57;0.00;-2871.73;-2860.46;-29882.76;-29889.85
17.01;99.99;3.88;30.86;3.89;0.16;0.00;2.80;0.00;0.00;3.75;0.00;0.00;1.57;0.00;-2871.73;-2860.46;-29882.76;-29889.85
17.15;99.99;3.88;30.86;3.89;0.16;0.00;2.80;0.00;0.00;3.75;0.00;0.00;1.57;0.00;-2871.73;-2860.46;-29882.76;-29889.85
17.28;99.99;3.88;30.86;3.89;0.16;0.00;2.80;0.00;0.00;3.75;0.00;0.00;1.57;0.00;-2871.73;-2860.46;-29882.76;-29889.85
17.41;99.99;3.88;30.86;3.89;0.16;0.00;2.80;0.00;0.00;3.75;0.00;0.00;1.57;0.00;-2871.73;-2860.46;-29882.76;-29889.85
17.55;99.99;3.88;30.86;3.89;0.16;0.00;2.80;0.00;0.00;3.75;0.00;0.00;1.57;0.00;-2871.73;-2860.46;-29882.76;-29889.85
17.68;99.99;3.88;30.86;3.89;0.16;0.00;2.80;0.00;0.00;3.75;0.00;0.00;1.57;0.00;-2871.73;-2860.46;-29882.76;-29889.85
17.81;99.99;3.88;30.86;3.89;0.16;0.00;2.80;0.00;0.00;3.75;0.00;0.00;1.57;0.00;-2871.73;-2860.46;-29882.76;-29889.85
17.94;99.99;3.88;30.86;3.89;0.16;0.00;2.80;0.00;0.00;3.75;0.00;0.00;1.57;0.00;-2871.73;-2860.46;-29882.76;-29889.85
18.08;99.99;3.88;30.86;3.89;0.16;0.00;2.80;0.00;0.00;3.75;0.00;0.00;1.57;0.00;-2871.73;-2860.46;-29882.76;-29889.85
18.21;99.99;3.88;30.86;3.89;0.16;0.00;2.80;0.00;0.00;3.75;0.00;0.00;1.57;0.00;-2871.73;-2860.46;-29882.76;-29889.85
18.35;99.99;3.88;30.86;3.89;0.16;0.00;2.80;0.00;0.00;3.75;0.00;0.00;1.57;0.00;-2871.73;-2860.46;-29882.76;-29889.85
18.48;99.99;3.88;30.86;3.89;0.16;0.00;2.80;0.00;0.00;3.75;0.00;0.00;1.57;0.00;-2871.73;-2860.46;-29882.76;-29889.85
18.61;99.99;3.88;30.86;3.89;0.16;0.00;2.80;0.00;0.00;3.75;0.00;0.00;1.57;0.00;-2871.73;-2860.46;-29882.76;-29889.85
18.75;99.99;3.88;30.86;3.89;0.16;0.00;2.80;0.00;0.00;3.75;0.00;0.00;1.57;0.00;-2871.73;-2860.46;-29882.76;-29889.85
18.88;110.76;3.85;-23.72;3.89;0.16;0.00;2.80;0.00;0.00;3.75;0.00;0.00;1.57;0.00;-2920.64;-2909.36;-30391.63;-30400.84
19.01;110.76;3.85;-23.72;3.89;0.16;0.00;2.80;0.00;0.00;3.75;0.00;0.00;1.57;0.00;-2920.64;-2909.36;-30391.63;-30400.84
19.15;110.76;3.85;-23.72;3.89;0.16;0.00;2.80;0.00;0.00;3.75;0.00;0.00;1.57;0.00;-2920.64;-2909.36;-30391.63;-30400.84
19.28;110.76;3.85;-23.72;3.89;0.16;0.00;2.80;0.00;0.00;3.75;0.00;0.00;1.57;0.00;-2920.64;-2909.36;-30391.63;-30400.84
19.42;110.76;3.85;-23.72;3.89;0.16;0.00;2.80;0.00;0.00;3.75;0.00;0.00;1.57;0.00;-2920.64;-2909.36;-30391.63;-30400.84
19.55;110.76;3.85;-23.72;3.89;0.16;0.00;2.80;0.00;0.00;3.75;0.00;0.00;1.57;0.00;-2920.64;-2909.36;-30391.63;-30400.84
19.68;110.76;3.85;-23.72;3.89;0.16;0.00;2.80;0.00;0.00;3.75;0.00;0.00;1.57;0.00;-2920.64;-2909.36;-30391.63;-30400.84
19.81;110.76;3.85;-23.72;3.89;0.16;0.00;2.80;0.00;0.00;3.75;0.00;0.00;1.57;0.00;-2920.64;-2909.36;-30391.63;-30400.84
19.95;110.76;3.85;-23.72;3.89;0.16;0.00;2.80;0.00;0.00;3.75;0.00;0.00;1.57;0.00;-2920.64;-2909.36;-30391.63;-30400.84
20.08;110.76;3.85;-23.72;3.89;0.16;0.00;2.80;0.00;0.00;3.75;0.00;0.00;1.57;0.00;-2920.64;-2909.36;-30391.63;-30400.84
20.21;110.76;3.85;-23.72;3.89;0.16;0.00;2.80;0.00;0.00;3.75;0.00;0.00;1.57;0.00;-2920.64;-2909.36;-30391.63;-30400.84
20.35;110.76;3.85;-23.72;3.89;0.16;0.00;2.80;0.00;0.00;3.75;0.00;0.00;1.57;0.00;-2920.64;-2909.36;-30391.63;-30400.84
20.48;110.76;3.85;-23.72;3.89;0.16;0.00;2.80;0.00;0.00;3.75;0.00;0.00;1.57;0.00;-2920.64;-2909.36;-30391.63;-30400.84
20.61;110.76;3.85;-23.72;3.89;0.16;0.00;2.80;0.00;0.00;3.75;0.00;0.00;1.57;0.00;-2920.64;-2909.36;-30391.63;-30400.84
20.75;110.76;3.85;-23.72;3.89;0.16;0.00;2.80;0.00;0.00;3.75;0.00;0.00;1.57;0.00;-2920.64;-2909.36;-30391.63;-30400.84
20.88;110.76;3.85;-23.72;3.89;0.16;0.00;2.80;0.00;0.00;3.75;0.00;0.00;1.57;0.00;-2920.64;-2909.36;-30391.63;-30400.84
21.01;110.76;3.85;-23.72;3.89;0.16;0.00;2.80;0.00;0.00;3.75;0.00;0.00;1.57;0.00;-2920.64;-2909.36;-30391.63;-30400.84
21.15;110.76;3.85;-23.72;3.89;0.16;0.00;2.80;0.00;0.00;3.75;0.00;0.00;1.57;0.00;-2920.64;-2909.36;-30391.63;-30400.84
21.28;110.76;3.85;-23.72;3.89;0.16;0.00;2.80;0.00;0.00;3.75;0.00;0.00;1.57;0.00;-2920.64;-2909.36;-30391.63;-30400.84
21.41;110.76;3.85;-23.72;3.89;0.16;0.00;2.80;0.00;0.00;3.75;0.00;0.00;1.57;0.00;-2920.64;-2909.36;-30391.63;-30400.84
21.55;110.76;3.85;-23.72;3.89;0.16;0.00;2.80;0.00;0.00;3.75;0.00;0.00;1.57;0.00;-2920.64;-2909.36;-30391.63;-30400.84
21.68;110.76;3.85;-23.72;3.89;0.16;0.00;2.80;0.00;0.00;3.75;0.00;0.00;1.57;0.00;-2920.64;-2909.36;-30391.63;-30400.84
21.81;110.76;3.85;-23.72;3.89;0.16;0.00;2.80;0.00;0.00;3.75;0.00;0.00;1.57;0.00;-2920.64;-2909.36;-30391.63;-30400.84
21.95;122.76;3.89;-11.83;3.88;0.16;0.00;2.80;0.00;0.00;3.75;0.00;0.00;1.57;0.00;-3314.21;-3302.94;-34487.13;-34513.46
22.08;123.30;3.89;-11.29;3.87;0.16;0.00;2.80;0.00;0.00;3.75;0.00;0.00;1.57;0.00;-3332.21;-3320.94;-34674.42;-34701.54
22.22;7.67;0.01;6.87;0.13;0.16;0.00;2.80;0.00;0.00;3.75;0.00;0.00;1.57;0.00;-157.37;-146.10;-1637.59;-1526.62
22.35;6.08;0.01;5.32;0.14;0.16;0.00;2.80;0.00;0.00;3.75;0.00;0.00;1.57;0.00;-105.36;-94.09;-1096.39;-983.16
22.49;6.08;0.01;5.32;0.14;0.16;0.00;2.80;0.00;0.00;3.75;0.00;0.00;1.57;0.00;-105.36;-94.09;-1096.39;-983.16
22.62;6.08;0.01;5.32;0.14;0.16;0.00;2.80;0.00;0.00;3.75;0.00;0.00;1.57;0.00;-105.36;-94.09;-1096.39;-983.16
22.75;6.08;0.00;5.39;0.16;0.16;0.00;2.80;0.00;0.00;3.75;0.00;0.00;1.57;0.00;-105.70;-94.42;-1099.89;-986.67
22.89;6.08;0.00;5.40;0.16;0.16;0.00;2.80;0.00;0.00;3.75;0.00;0.00;1.57;0.00;-105.75;-94.48;-1100.42;-987.21
23.02;6.08;0.00;5.40;0.16;0.16;0.00;2.80;0.00;0.00;3.75;0.00;0.00;1.57;0.00;-105.75;-94.48;-1100.42;-987.21
23.15;6.08;0.00;5.40;0.16;0.16;0.00;2.80;0.00;0.00;3.75;0.00;0.00;1.57;0.00;-105.75;-94.48;-1100.42;-987.21
23.29;6.08;0.00;5.40;0.16;0.16;0.00;2.80;0.00;0.00;3.75;0.00;0.00;1.57;0.00;-105.75;-94.48;-1100.42;-987.21
23.42;6.08;0.00;5.40;0.16;0.16;0.00;2.80;0.00;0.00;3.75;0.00;0.00;1.57;0.00;-105.75;-94.48;-1100.42;-987.21
23.55;6.08;0.00;5.40;0.16;0.16;0.00;2.80;0.00;0.00;3.75;0.00;0.00;1.57;0.00;-105.75;-94.48;-1100.42;-987.21
23.69;6.08;0.00;5.40;0.16;0.16;0.00;2.80;0.00;0.00;3.75;0.00;0.00;1.57;0.00;-105.75;-94.48;-1100.42;-987.21
23.82;6.08;0.00;5.40;0.16;0.16;0.00;2.80;0.00;0.00;3.75;0.00;0.00;1.57;0.00;-105.75;-94.48;-1100.42;-987.21
23.95;6.08;0.00;5.40;0.16;0.16;0.00;2.80;0.00;0.00;3.75;0.00;0.00;1.57;0.00;-105.75;-94.48;-1100.42;-987.21
24.08;6.08;0.00;5.40;0.16;0.16;0.00;2.80;0.00;0.00;3.75;0.00;0.00;1.57;0.00;-105.75;-94.48;-1100.42;-987.21
24.22;6.08;0.00;5.40;0.16;0.16;0.00;2.80;0.00;0.00;3.75;0.00;0.00;1.57;0.00;-105.75;-94.48;-1100.42;-987.21
24.35;6.08;0.00;5.40;0.16;0.16;0.00;2.80;0.00;0.00;3.75;0.00;0.00;1.57;0.00;-105.75;-94.48;-1100.42;-987.21
24.48;6.08;0.00;5.40;0.16;0.16;0.00;2.80;0.00;0.00;3.75;0.00;0.00;1.57;0.00;-105.75;-94.48;-1100.42;-987.21
24.62;6.08;0.00;5.40;0.16;0.16;0.00;2.80;0.00;0.00;3.75;0.00;0.00;1.57;0.00;-105.75;-94.48;-1100.42;-987.21
24.75;6.08;0.00;5.40;0.16;0.16;0.00;2.80;0.00;0.00;3.75;0.00;0.00;1.57;0.00;-105.75;-94.48;-1100.42;-987.21
24.88;6.08;0.00;5.40;0.16;0.16;0.00;2.80;0.00;0.00;3.75;0.00;0.00;1.57;0.00;-105.75;-94.48;-1100.42;-987.21
25.02;6.08;0.00;5.40;0.16;0.16;0.00;2.80;0.00;0.00;3.75;0.00;0.00;1.57;0.00;-105.75;-94.48;-1100.42;-987.21
25.15;6.08;0.00;5.40;0.16;0.16;0.00;2.80;0.00;0.00;3.75;0.00;0.00;1.57;0.00;-105.75;-94.48;-1100.42;-987.21
25.28;6.08;0.00;5.40;0.16;0.16;0.00;2.80;0.00;0.00;3.75;0.00;0.00;1.57;0.00;-105.75;-94.48;-1100.42;-987.21
25.42;6.08;0.00;5.40;0.16;0.16;0.00;2.80;0.00;0.00;3.75;0.00;0.00;1.57;0.00;-105.75;-94.48;-1100.42;-987.21
25.55;6.08;0.00;5.40;0.16;0.16;0.00;2.80;0.00;0.00;3.75;0.00;0.00;1.57;0.00;-105.75;-94.48;-1100.42;-987.21
25.68;6.08;0.00;5.40;0.16;0.16;0.00;2.80;0.00;0.00;3.75;0.00;0.00;1.57;0.00;-105.75;-94.48;-1100.42;-987.21
25.82;6.08;0.00;5.40;0.16;0.16;0.00;2.80;0.00;0.00;3.75;0.00;0.00;1.57;0.00;-105.75;-94.48;-1100.42;-987.21
25.95;6.08;0.00;5.40;0.16;0.16;0.00;2.80;0.00;0.00;3.75;0.00;0.00;1.57;0.00;-105.75;-94.48;-1100.42;-987.21
26.08;6.08;0.00;5.40;0.16;0.16;0.00;2.80;0.00;0.00;3.75;0.00;0.00;1.57;0.00;-105.75;-94.48;-1100.42;-987.21
26.22;6.08;0.00;5.40;0.16;0.16;0.00;2.80;0.00;0.00;3.75;0.00;0.00;1.57;0.00;-105.75;-94.48;-1100.42;-987.21
26.35;6.08;0.00;5.40;0.16;0.16;0.00;2.80;0.00;0.00;3.75;0.00;0.00;1.57;0.00;-105.75;-94.48;-1100.42;-987.21
26.48;6.08;0.00;5.40;0.16;0.16;0.00;2.80;0.00;0.00;3.75;0.00;0.00;1.57;0.00;-105.75;-94.48;-1100.42;-987.21
26.62;6.08;0.00;5.40;0.16;0.16;0.00;2.80;0.00;0.00;3.75;0.00;0.00;1.57;0.00;-105.75;-94.48;-1100.42;-987.21
26.75;5.58;-0.08;6.13;0.18;0.16;0.00;2.80;0.00;0.00;3.75;0.00;0.00;1.57;0.00;-95.17;-83.90;-990.34;-876.66
26.89;5.58;-0.08;6.14;0.18;0.16;0.00;2.80;0.00;0.00;3.75;0.00;0.00;1.57;0.00;-95.07;-83.80;-989.31;-875.63
27.02;5.58;-0.08;6.14;0.18;0.16;0.00;2.80;0.00;0.00;3.75;0.00;0.00;1.57;0.00;-95.07;-83.80;-989.31;-875.63
27.15;5.58;-0.08;6.14;0.18;0.16;0.00;2.80;0.00;0.00;3.75;0.00;0.00;1.57;0.00;-95.07;-83.80;-989.31;-875.63
27.28;5.58;-0.08;6.14;0.18;0.16;0.00;2.80;0.00;0.00;3.75;0.00;0.00;1.57;0.00;-95.07;-83.80;-989.31;-875.63
27.42;5.55;-0.06;6.28;0.23;0.16;0.00;2.80;0.00;0.00;3.75;0.00;0.00;1.57;0.00;-94.84;-83.56;-986.87;-873.17
27.55;3.07;0.00;3.26;0.16;1.49;0.00;2.80;0.00;0.00;3.75;0.00;0.00;1.57;0.00;12.73;13.70;132.43;143.18
27.69;3.17;0.01;3.23;0.15;1.49;0.00;2.80;0.00;0.00;3.75;0.00;0.00;1.57;0.00;13.35;14.33;138.94;149.72
27.82;3.19;0.01;3.20;0.02;1.49;0.00;2.80;0.00;0.00;3.75;0.00;0.00;1.57;0.00;14.31;15.25;148.89;159.30
27.96;3.19;0.01;3.20;0.01;1.49;0.00;2.80;0.00;0.00;3.75;0.00;0.00;1.57;0.00;14.30;15.24;148.84;159.25
28.09;3.19;0.01;3.20;0.05;1.49;0.00;2.80;0.00;0.00;3.75;0.00;0.00;1.57;0.00;14.39;15.33;149.76;160.17
28.23;3.19;0.01;3.20;0.07;1.49;0.00;2.80;0.00;0.00;3.75;0.00;0.00;1.57;0.00;14.22;15.16;147.96;158.36
28.36;3.20;0.02;3.22;0.09;1.49;0.00;2.80;0.00;0.00;3.75;0.00;0.00;1.57;0.00;13.73;14.66;142.82;153.20
28.50;3.20;0.04;3.24;0.13;1.25;-0.00;2.80;0.00;0.00;3.75;0.00;0.00;1.57;0.00;8.41;12.04;87.56;125.82
28.63;3.25;0.19;3.33;0.37;1.25;0.00;2.80;0.00;0.00;3.75;0.00;0.00;1.57;0.00;5.54;9.17;57.66;95.79
28.77;3.29;0.35;3.39;0.57;1.13;-0.00;2.80;0.00;0.00;3.75;0.00;0.00;1.57;0.00;1.05;5.90;10.96;61.67
28.90;3.37;0.65;3.50;0.96;1.13;0.00;2.80;0.00;0.00;3.75;0.00;0.00;1.57;0.00;-2.87;1.98;-29.84;20.70
29.03;3.43;0.76;3.60;1.05;1.01;-0.00;2.80;0.00;0.00;3.75;0.00;0.00;1.57;0.00;-8.90;-2.85;-92.66;-29.77
29.17;3.51;0.91;3.69;1.17;1.01;0.00;2.80;0.00;0.00;3.75;0.00;0.00;1.57;0.00;-12.20;-6.14;-126.95;-64.20
29.30;3.51;0.65;3.68;0.76;1.00;-0.00;2.80;0.00;0.00;3.75;0.00;0.00;1.57;0.00;-12.44;-6.25;-129.42;-65.27
29.44;3.57;0.75;3.74;0.80;1.00;0.00;2.80;0.00;0.00;3.75;0.00;0.00;1.57;0.00;-14.79;-8.60;-153.92;-89.87
29.57;3.49;0.29;3.67;0.42;1.07;0.00;2.80;0.00;0.00;3.75;0.00;0.00;1.57;0.00;-10.26;-4.74;-106.77;-49.50
29.71;3.52;0.35;3.72;0.51;1.07;0.00;2.80;0.00;0.00;3.75;0.00;0.00;1.57;0.00;-11.98;-6.45;-124.64;-67.45
29.84;3.45;0.09;3.65;0.19;1.07;0.00;2.80;0.00;0.00;3.75;0.00;0.00;1.57;0.00;-9.39;-3.87;-97.72;-40.41
29.98;3.46;0.10;3.68;0.21;1.17;0.00;2.80;0.00;0.00;3.75;0.00;0.00;1.57;0.00;-7.83;-3.33;-81.52;-34.81
30.11;3.42;-0.08;3.62;-0.04;1.17;0.00;2.80;0.00;0.00;3.75;0.00;0.00;1.57;0.00;-5.68;-1.17;-59.07;-12.27
30.25;3.40;-0.10;3.61;-0.06;1.20;0.00;2.80;0.00;0.00;3.75;0.00;0.00;1.57;0.00;-4.42;-0.32;-45.97;-3.37
30.38;3.40;-0.08;3.60;-0.03;1.20;0.00;2.80;0.00;0.00;3.75;0.00;0.00;1.57;0.00;-4.03;0.06;-41.96;0.66
30.52;3.39;-0.07;3.59;-0.02;1.19;-0.00;2.80;0.00;0.00;3.75;0.00;0.00;1.57;0.00;-4.11;0.10;-42.73;1.05
30.65;3.40;-0.00;3.60;0.01;1.19;0.00;2.80;0.00;0.00;3.75;0.00;0.00;1.57;0.00;-4.48;-0.27;-46.59;-2.82
30.78;3.41;0.01;3.60;0.00;1.20;0.00;2.80;0.00;0.00;3.75;0.00;0.00;1.57;0.00;-4.49;-0.32;-46.74;-3.37
30.92;3.41;0.02;3.60;-0.01;1.20;0.00;2.80;0.00;0.00;3.75;0.00;0.00;1.57;0.00;-4.51;-0.34;-46.95;-3.57
31.05;3.41;0.01;3.60;0.00;1.20;-0.00;2.80;0.00;0.00;3.75;0.00;0.00;1.57;0.00;-4.56;-0.37;-47.48;-3.91
31.19;3.41;0.00;3.60;0.01;1.20;0.00;2.80;0.00;0.00;3.75;0.00;0.00;1.57;0.00;-4.60;-0.41;-47.82;-4.25
31.32;3.41;-0.01;3.60;0.00;1.21;0.00;2.80;0.00;0.00;3.75;0.00;0.00;1.57;0.00;-4.20;-0.18;-43.72;-1.88
31.46;3.41;-0.01;3.60;0.00;1.21;0.00;2.80;0.00;0.00;3.75;0.00;0.00;1.57;0.00;-4.19;-0.17;-43.61;-1.78
31.59;3.41;0.02;3.60;0.00;1.20;-0.00;2.80;0.00;0.00;3.75;0.00;0.00;1.57;0.00;-4.54;-0.37;-47.29;-3.91
31.73;3.42;0.03;3.60;0.00;1.20;0.00;2.80;0.00;0.00;3.75;0.00;0.00;1.57;0.00;-4.56;-0.39;-47.44;-4.07
31.86;3.41;-0.03;3.60;0.00;1.20;0.00;2.80;0.00;0.00;3.75;0.00;0.00;1.57;0.00;-4.50;-0.33;-46.79;-3.41
31.99;3.40;-0.03;3.60;-0.00;1.20;0.00;2.80;0.00;0.00;3.75;0.00;0.00;1.57;0.00;-4.36;-0.23;-45.42;-2.42
32.13;3.41;0.01;3.60;0.00;1.20;0.00;2.80;0.00;0.00;3.75;0.00;0.00;1.57;0.00;-4.41;-0.27;-45.85;-2.85
32.26;3.41;0.01;3.60;0.00;1.20;-0.00;2.80;0.00;0.00;3.75;0.00;0.00;1.57;0.00;-4.54;-0.35;-47.21;-3.64
32.40;3.41;0.00;3.60;0.00;1.20;0.00;2.80;0.00;0.00;3.75;0.00;0.00;1.57;0.00;-4.55;-0.36;-47.32;-3.75
32.53;3.41;0.00;3.60;0.00;1.20;0.00;2.80;0.00;0.00;3.75;0.00;0.00;1.57;0.00;-4.46;-0.33;-46.45;-3.46
32.67;3.41;0.01;3.60;0.01;1.20;0.00;2.80;0.00;0.00;3.75;0.00;0.00;1.57;0.00;-4.50;-0.37;-46.83;-3.84
32.80;3.41;0.01;3.61;0.01;1.22;0.00;2.80;0.00;0.00;3.75;0.00;0.00;1.57;0.00;-4.13;-0.19;-43.00;-1.95
32.93;3.41;0.01;3.60;0.00;1.22;0.00;2.80;0.00;0.00;3.75;0.00;0.00;1.57;0.00;-4.12;-0.17;-42.83;-1.77
33.07;3.41;-0.00;3.60;0.00;1.21;-0.00;2.80;0.00;0.00;3.75;0.00;0.00;1.57;0.00;-4.22;-0.22;-43.89;-2.25
33.20;3.41;-0.01;3.60;-0.00;1.21;0.00;2.80;0.00;0.00;3.75;0.00;0.00;1.57;0.00;-4.17;-0.17;-43.40;-1.76
33.34;3.41;-0.01;3.60;-0.01;1.20;-0.00;2.80;0.00;0.00;3.75;0.00;0.00;1.57;0.00;-4.46;-0.31;-46.37;-3.19
33.47;3.41;-0.01;3.60;-0.01;1.20;0.00;2.80;0.00;0.00;3.75;0.00;0.00;1.57;0.00;-4.41;-0.26;-45.88;-2.69
33.61;3.41;-0.02;3.60;-0.00;1.20;0.00;2.80;0.00;0.00;3.75;0.00;0.00;1.57;0.00;-4.32;-0.20;-44.94;-2.13
33.74;3.40;-0.02;3.60;-0.00;1.19;-0.00;2.80;0.00;0.00;3.75;0.00;0.00;1.57;0.00;-4.57;-0.32;-47.53;-3.38
33.88;3.40;-0.01;3.60;-0.01;1.19;0.00;2.80;0.00;0.00;3.75;0.00;0.00;1.57;0.00;-4.58;-0.33;-47.64;-3.49
34.01;3.40;-0.01;3.60;-0.01;1.20;0.00;2.80;0.00;0.00;3.75;0.00;0.00;1.57;0.00;-4.30;-0.17;-44.76;-1.76
34.15;3.41;0.01;3.60;0.00;1.20;0.00;2.80;0.00;0.00;3.75;0.00;0.00;1.57;0.00;-4.39;-0.26;-45.68;-2.68
34.28;3.41;0.01;3.60;0.00;1.20;-0.00;2.80;0.00;0.00;3.75;0.00;0.00;1.57;0.00;-4.53;-0.34;-47.15;-3.58
34.42;3.41;-0.02;3.61;0.01;1.20;0.00;2.80;0.00;0.00;3.75;0.00;0.00;1.57;0.00;-4.59;-0.40;-47.72;-4.15
34.55;3.40;-0.01;3.61;0.00;1.20;0.00;2.80;0.00;0.00;3.75;0.00;0.00;1.57;0.00;-4.40;-0.29;-45.83;-3.03
34.68;3.41;0.00;3.60;-0.01;1.20;0.00;2.80;0.00;0.00;3.75;0.00;0.00;1.57;0.00;-4.33;-0.22;-45.11;-2.31
34.82;3.41;0.01;3.60;-0.01;1.21;0.00;2.80;0.00;0.00;3.75;0.00;0.00;1.57;0.00;-4.21;-0.15;-43.79;-1.56
34.95;3.41;0.01;3.60;0.00;1.21;0.00;2.80;0.00;0.00;3.75;0.00;0.00;1.57;0.00;-4.23;-0.17;-44.00;-1.78
35.09;3.41;0.01;3.60;-0.01;1.21;0.00;2.80;0.00;0.00;3.75;0.00;0.00;1.57;0.00;-4.12;-0.11;-42.84;-1.20
35.22;3.41;0.01;3.60;-0.02;1.21;0.00;2.80;0.00;0.00;3.75;0.00;0.00;1.57;0.00;-4.07;-0.07;-42.39;-0.75
35.36;3.41;0.00;3.60;-0.01;1.22;0.00;2.80;0.00;0.00;3.75;0.00;0.00;1.57;0.00;-3.93;0.01;-40.92;0.14
35.49;3.41;0.00;3.60;-0.01;1.22;0.00;2.80;0.00;0.00;3.75;0.00;0.00;1.57;0.00;-3.88;0.07;-40.36;0.71
35.63;3.41;0.01;3.60;0.01;1.22;0.00;2.80;0.00;0.00;3.75;0.00;0.00;1.57;0.00;-4.00;-0.05;-41.58;-0.52
35.76;3.41;0.01;3.60;0.01;1.21;-0.00;2.80;0.00;0.00;3.75;0.00;0.00;1.57;0.00;-4.31;-0.25;-44.87;-2.65
35.90;3.41;-0.00;3.60;-0.02;1.21;0.00;2.80;0.00;0.00;3.75;0.00;0.00;1.57;0.00;-4.19;-0.13;-43.55;-1.32
36.03;3.41;-0.00;3.60;-0.02;1.21;0.00;2.80;0.00;0.00;3.75;0.00;0.00;1.57;0.00;-4.04;0.00;-42.02;0.02
36.16;3.41;-0.02;3.60;0.01;1.21;0.00;2.80;0.00;0.00;3.75;0.00;0.00;1.57;0.00;-4.12;-0.08;-42.88;-0.85
36.30;3.40;-0.02;3.60;0.01;1.21;0.00;2.80;0.00;0.00;3.75;0.00;0.00;1.57;0.00;-4.07;-0.07;-42.39;-0.75
36.43;3.41;0.01;3.60;0.00;1.21;0.00;2.80;0.00;0.00;3.75;0.00;0.00;1.57;0.00;-4.10;-0.09;-42.64;-0.99
36.57;3.41;-0.00;3.60;0.00;1.21;-0.00;2.80;0.00;0.00;3.75;0.00;0.00;1.57;0.00;-4.22;-0.16;-43.89;-1.67
36.70;3.40;-0.03;3.60;0.01;1.21;0.00;2.80;0.00;0.00;3.75;0.00;0.00;1.57;0.00;-4.23;-0.17;-44.03;-1.80
36.84;3.42;0.11;3.61;0.04;1.09;-0.00;2.80;0.00;0.00;3.75;0.00;0.00;1.57;0.00;-7.13;-1.89;-74.16;-19.70
36.97;3.45;0.21;3.62;0.06;1.09;0.00;2.80;0.00;0.00;3.75;0.00;0.00;1.57;0.00;-7.81;-2.57;-81.31;-26.87
37.10;3.45;0.08;3.62;0.02;0.99;-0.00;2.80;0.00;0.00;3.75;0.00;0.00;1.57;0.00;-10.09;-3.85;-105.04;-40.27
37.24;3.46;0.07;3.62;0.02;0.99;0.00;2.80;0.00;0.00;3.75;0.00;0.00;1.57;0.00;-10.20;-3.96;-106.11;-41.33
37.37;3.44;-0.01;3.61;-0.02;1.04;0.00;2.80;0.00;0.00;3.75;0.00;0.00;1.57;0.00;-8.69;-2.89;-90.44;-30.20
37.51;3.43;-0.02;3.61;-0.03;1.04;0.00;2.80;0.00;0.00;3.75;0.00;0.00;1.57;0.00;-8.53;-2.73;-88.81;-28.57
37.64;3.43;0.02;3.61;0.00;1.04;0.00;2.80;0.00;0.00;3.75;0.00;0.00;1.57;0.00;-8.56;-2.76;-89.06;-28.83
37.78;3.44;0.02;3.61;-0.00;1.19;0.00;2.80;0.00;0.00;3.75;0.00;0.00;1.57;0.00;-5.20;-0.90;-54.12;-9.42
37.91;3.41;-0.14;3.59;-0.09;1.19;0.00;2.80;0.00;0.00;3.75;0.00;0.00;1.57;0.00;-4.59;-0.29;-47.74;-3.01
38.04;3.39;-0.17;3.58;-0.11;1.26;0.00;2.80;0.00;0.00;3.75;0.00;0.00;1.57;0.00;-2.21;1.24;-23.04;12.98
38.18;3.39;-0.07;3.59;-0.01;1.26;0.00;2.80;0.00;0.00;3.75;0.00;0.00;1.57;0.00;-2.51;0.94;-26.14;9.86
38.31;3.39;-0.05;3.59;-0.00;1.22;-0.00;2.80;0.00;0.00;3.75;0.00;0.00;1.57;0.00;-3.43;0.46;-35.68;4.82
38.45;3.42;0.04;3.60;0.01;1.22;0.00;2.80;0.00;0.00;3.75;0.00;0.00;1.57;0.00;-3.95;-0.06;-41.10;-0.63
38.58;3.42;0.01;3.60;0.00;1.24;0.00;2.80;0.00;0.00;3.75;0.00;0.00;1.57;0.00;-3.64;0.08;-37.85;0.87
38.72;3.41;-0.05;3.60;-0.00;1.24;0.00;2.80;0.00;0.00;3.75;0.00;0.00;1.57;0.00;-3.53;0.19;-36.70;2.02
38.85;3.41;-0.01;3.60;0.02;1.23;-0.00;2.80;0.00;0.00;3.75;0.00;0.00;1.57;0.00;-3.72;0.07;-38.75;0.75
38.98;3.41;0.02;3.61;0.03;1.23;0.00;2.80;0.00;0.00;3.75;0.00;0.00;1.57;0.00;-3.87;-0.07;-40.27;-0.77
39.12;3.41;-0.03;3.61;0.01;1.22;-0.00;2.80;0.00;0.00;3.75;0.00;0.00;1.57;0.00;-4.22;-0.26;-43.95;-2.71
39.25;3.41;-0.04;3.61;0.00;1.22;0.00;2.80;0.00;0.00;3.75;0.00;0.00;1.57;0.00;-4.17;-0.21;-43.44;-2.19
39.39;3.40;-0.04;3.61;0.05;1.21;-0.00;2.80;0.00;0.00;3.75;0.00;0.00;1.57;0.00;-4.39;-0.37;-45.66;-3.84
39.52;3.39;-0.05;3.62;0.06;1.20;-0.00;2.80;0.00;0.00;3.75;0.00;0.00;1.57;0.00;-4.79;-0.66;-49.89;-6.91
39.66;3.40;0.00;3.62;0.02;1.20;0.00;2.80;0.00;0.00;3.75;0.00;0.00;1.57;0.00;-4.77;-0.64;-49.64;-6.66
39.79;3.40;-0.00;3.62;0.02;1.19;-0.00;2.80;0.00;0.00;3.75;0.00;0.00;1.57;0.00;-5.13;-0.86;-53.35;-9.03
39.93;3.40;-0.05;3.62;0.00;1.19;0.00;2.80;0.00;0.00;3.75;0.00;0.00;1.57;0.00;-4.90;-0.64;-51.03;-6.70
40.06;3.39;-0.05;3.62;-0.00;1.18;-0.00;2.80;0.00;0.00;3.75;0.00;0.00;1.57;0.00;-5.07;-0.70;-52.80;-7.32
40.20;3.42;0.09;3.60;-0.04;1.18;0.00;2.80;0.00;0.00;3.75;0.00;0.00;1.57;0.00;-5.06;-0.68;-52.62;-7.14
40.33;3.43;0.13;3.60;-0.03;1.05;-0.00;2.80;0.00;0.00;3.75;0.00;0.00;1.57;0.00;-8.04;-2.40;-83.66;-25.03
40.46;3.46;0.20;3.61;0.01;1.05;0.00;2.80;0.00;0.00;3.75;0.00;0.00;1.57;0.00;-8.62;-2.98;-89.73;-31.12
40.60;3.46;0.08;3.61;-0.01;1.11;0.00;2.80;0.00;0.00;3.75;0.00;0.00;1.57;0.00;-7.28;-2.18;-75.77;-22.80
40.73;3.43;-0.05;3.60;-0.02;1.11;0.00;2.80;0.00;0.00;3.75;0.00;0.00;1.57;0.00;-6.82;-1.72;-70.99;-18.00
40.87;3.42;-0.01;3.60;0.00;1.11;0.00;2.80;0.00;0.00;3.75;0.00;0.00;1.57;0.00;-6.63;-1.58;-68.95;-16.51
41.00;3.42;0.01;3.61;0.01;1.11;0.00;2.80;0.00;0.00;3.75;0.00;0.00;1.57;0.00;-6.68;-1.63;-69.48;-17.05
41.13;3.42;-0.07;3.61;0.00;1.14;0.00;2.80;0.00;0.00;3.75;0.00;0.00;1.57;0.00;-6.08;-1.29;-63.29;-13.46
41.27;3.41;-0.10;3.61;0.00;1.14;0.00;2.80;0.00;0.00;3.75;0.00;0.00;1.57;0.00;-5.95;-1.16;-61.92;-12.09
41.40;3.38;-0.15;3.60;-0.07;1.14;0.00;2.80;0.00;0.00;3.75;0.00;0.00;1.57;0.00;-5.43;-0.63;-56.48;-6.62
41.54;3.36;-0.18;3.59;-0.08;1.21;0.00;2.80;0.00;0.00;3.75;0.00;0.00;1.57;0.00;-3.27;0.73;-34.05;7.63
41.67;3.40;0.04;3.60;0.02;1.21;0.00;2.80;0.00;0.00;3.75;0.00;0.00;1.57;0.00;-4.02;-0.01;-41.80;-0.15
41.81;3.41;0.05;3.61;0.03;1.21;-0.00;2.80;0.00;0.00;3.75;0.00;0.00;1.57;0.00;-4.28;-0.25;-44.59;-2.56
41.94;3.41;-0.01;3.61;-0.00;1.21;0.00;2.80;0.00;0.00;3.75;0.00;0.00;1.57;0.00;-4.34;-0.30;-45.18;-3.16
42.08;3.41;-0.01;3.61;-0.00;1.20;-0.00;2.80;0.00;0.00;3.75;0.00;0.00;1.57;0.00;-4.46;-0.34;-46.37;-3.57
42.21;3.41;0.01;3.60;0.00;1.20;0.00;2.80;0.00;0.00;3.75;0.00;0.00;1.57;0.00;-4.44;-0.33;-46.20;-3.40
4