=~=~=~=~=~=~=~=~=~=~=~= PuTTY log 2024.06.19 13:59:27 =~=~=~=~=~=~=~=~=~=~=~=
0.13;3.76;-0.01;0.16;0.00;2.34;0.00;0.00;0.00;0.00;0.00;0.00;0.00;0.00;0.00;0.00;0.00;0.00;0.00
0.26;3.76;-0.01;0.16;0.00;2.34;0.00;0.00;0.00;0.00;0.00;0.00;0.00;0.00;0.00;0.00;0.00;0.00;0.00
0.40;3.76;0.01;0.16;0.01;2.34;0.00;0.00;0.00;0.00;0.00;0.00;0.00;0.00;0.00;0.00;0.00;0.00;0.00
0.53;3.76;0.01;0.17;0.01;2.34;0.00;0.00;0.00;0.00;0.00;0.00;0.00;0.00;0.00;0.00;0.00;0.00;0.00
0.66;3.76;0.01;0.16;-0.02;2.34;0.00;0.00;0.00;0.00;0.00;0.00;0.00;0.00;0.00;0.00;0.00;0.00;0.00
0.80;3.76;0.01;0.16;-0.02;2.34;-0.00;0.00;0.00;0.00;0.00;0.00;0.00;0.00;0.00;0.00;0.00;0.00;0.00
0.93;3.76;-0.01;0.16;0.00;2.34;0.00;0.00;0.00;0.00;0.00;0.00;0.00;0.00;0.00;0.00;0.00;0.00;0.00
1.06;3.76;-0.01;0.16;-0.00;2.34;0.00;0.00;0.00;0.00;0.00;0.00;0.00;0.00;0.00;0.00;0.00;0.00;0.00
1.20;3.76;0.01;0.16;-0.01;2.34;0.00;0.00;0.00;0.00;0.00;0.00;0.00;0.00;0.00;0.00;0.00;0.00;0.00
1.33;3.76;0.01;0.16;-0.02;2.34;-0.00;0.00;0.00;0.00;0.00;0.00;0.00;0.00;0.00;0.00;0.00;0.00;0.00
1.46;3.76;-0.01;0.15;-0.02;2.34;0.00;0.00;0.00;0.00;0.00;0.00;0.00;0.00;0.00;0.00;0.00;0.00;0.00
1.60;3.76;-0.01;0.15;-0.02;2.34;0.00;0.00;0.00;0.00;0.00;0.00;0.00;0.00;0.00;0.00;0.00;0.00;0.00
1.73;3.76;0.00;0.16;0.01;2.34;0.00;0.00;0.00;0.00;0.00;0.00;0.00;0.00;0.00;0.00;0.00;0.00;0.00
1.86;3.76;0.00;0.16;0.01;2.34;0.00;0.00;0.00;0.00;0.00;0.00;0.00;0.00;0.00;0.00;0.00;0.00;0.00
2.00;3.76;0.01;0.16;0.00;2.34;0.00;0.00;0.00;0.00;0.00;0.00;0.00;0.00;0.00;0.00;0.00;0.00;0.00
2.13;3.76;-0.01;0.16;0.00;2.33;-0.00;0.00;0.00;0.00;0.00;0.00;0.00;0.00;0.00;0.00;0.00;0.00;0.00
2.26;3.76;-0.02;0.16;0.00;2.33;0.00;0.00;0.00;0.00;0.00;0.00;0.00;0.00;0.00;0.00;0.00;0.00;0.00
2.40;3.76;0.00;0.16;0.01;2.34;0.00;0.00;0.00;0.00;0.00;0.00;0.00;0.00;0.00;0.00;0.00;0.00;0.00
2.53;3.76;0.01;0.16;0.01;2.34;0.00;0.00;0.00;0.00;0.00;0.00;0.00;0.00;0.00;0.00;0.00;0.00;0.00
2.66;3.76;0.00;0.16;0.00;2.34;0.00;0.00;0.00;0.00;0.00;0.00;0.00;0.00;0.00;0.00;0.00;0.00;0.00
2.80;3.76;0.01;0.16;0.01;2.34;-0.00;0.00;0.00;0.00;0.00;0.00;0.00;0.00;0.00;0.00;0.00;0.00;0.00
2.93;3.76;0.00;0.16;-0.01;2.34;0.00;0.00;0.00;0.00;0.00;0.00;0.00;0.00;0.00;0.00;0.00;0.00;0.00
3.07;3.76;0.00;0.16;-0.01;2.34;-0.00;0.00;0.00;0.00;0.00;0.00;0.00;0.00;0.00;0.00;0.00;0.00;0.00
3.20;3.76;0.01;0.16;0.00;2.34;0.00;0.00;0.00;0.00;0.00;0.00;0.00;0.00;0.00;0.00;0.00;0.00;0.00
3.33;3.76;0.01;0.16;0.00;2.33;-0.00;0.00;0.00;0.00;0.00;0.00;0.00;0.00;0.00;0.00;0.00;0.00;0.00
3.47;3.76;0.00;0.16;0.00;2.33;0.00;0.00;0.00;0.00;0.00;0.00;0.00;0.00;0.00;0.00;0.00;0.00;0.00
3.60;3.76;0.00;0.16;0.00;2.33;0.00;0.00;0.00;0.00;0.00;0.00;0.00;0.00;0.00;0.00;0.00;0.00;0.00
3.73;3.76;0.00;0.16;0.01;2.33;0.00;0.00;0.00;0.00;0.00;0.00;0.00;0.00;0.00;0.00;0.00;0.00;0.00
3.87;3.76;-0.00;0.16;0.01;2.32;-0.00;0.00;0.00;0.00;0.00;0.00;0.00;0.00;0.00;0.00;0.00;0.00;0.00
4.00;3.76;-0.01;0.16;0.00;2.32;0.00;2.80;0.00;0.00;0.30;0.00;0.00;1.57;0.00;25.48;17.69;265.15;184.81
4.14;3.76;-0.01;0.16;0.00;2.33;0.00;2.80;0.00;0.00;0.37;0.00;0.00;1.57;0.00;26.99;19.15;280.81;200.08
4.27;3.76;-0.01;0.16;0.00;2.33;0.00;2.80;0.00;0.00;0.44;0.00;0.00;1.57;0.00;28.42;20.58;295.74;215.08
4.41;3.75;-0.03;0.16;0.03;2.35;0.00;2.80;0.00;0.00;0.50;0.00;0.00;1.57;0.00;30.10;22.04;313.26;230.27
4.54;3.75;-0.05;0.17;0.04;2.35;0.00;2.80;0.00;0.00;0.57;0.00;0.00;1.57;0.00;31.23;23.16;324.95;242.01
4.67;3.71;-0.26;0.20;0.25;2.38;0.00;2.80;0.00;0.00;0.64;0.00;0.00;1.57;0.00;31.52;23.24;327.98;242.87
4.81;3.67;-0.35;0.25;0.34;2.38;0.00;2.80;0.00;0.00;0.70;0.00;0.00;1.57;0.00;31.03;22.74;322.90;237.62
4.94;3.60;-0.59;0.32;0.60;2.38;0.00;2.80;0.00;0.00;0.77;0.00;0.00;1.57;0.00;29.67;21.38;308.77;223.43
5.08;3.51;-0.76;0.40;0.80;2.40;0.00;2.80;0.00;0.00;0.84;0.00;0.00;1.57;0.00;27.59;19.15;287.12;200.13
5.21;3.47;-0.81;0.47;0.92;2.40;0.00;2.80;0.00;0.00;0.91;0.00;0.00;1.57;0.00;26.73;18.29;278.12;191.10
5.35;3.36;-1.02;0.59;1.17;2.34;-0.00;2.80;0.00;0.00;0.97;0.00;0.00;1.57;0.00;23.06;15.12;239.93;157.98
5.48;3.31;-1.09;0.64;1.26;2.34;0.00;2.80;0.00;0.00;1.04;0.00;0.00;1.57;0.00;22.35;14.41;232.58;150.60
5.62;3.21;-1.21;0.72;0.97;2.63;0.00;2.80;0.00;0.00;1.11;0.00;0.00;1.57;0.00;20.57;10.62;214.02;110.98
5.75;3.18;-1.10;0.58;0.17;2.63;0.00;2.80;0.00;0.00;1.18;0.00;0.00;1.57;0.00;22.63;12.69;235.53;132.58
5.89;3.17;-0.82;0.65;1.06;2.46;-0.00;2.80;0.00;0.00;1.24;0.00;0.00;1.57;0.00;23.19;14.32;241.27;149.60
6.02;3.14;-0.78;0.88;1.90;2.46;0.00;2.80;0.00;0.00;1.31;0.00;0.00;1.57;0.00;19.76;10.89;205.61;113.79
6.16;3.15;-0.65;0.94;1.32;2.36;-0.00;2.80;0.00;0.00;1.38;0.00;0.00;1.57;0.00;19.96;11.84;207.73;123.71
6.29;3.07;-0.80;1.10;1.53;2.36;0.00;2.80;0.00;0.00;1.45;0.00;0.00;1.57;0.00;16.46;8.34;171.27;87.10
6.43;3.11;-0.46;1.05;1.20;2.29;-0.00;2.80;0.00;0.00;1.51;0.00;0.00;1.57;0.00;19.55;11.99;203.39;125.26
6.56;3.04;-0.56;1.24;1.54;2.29;0.00;2.80;0.00;0.00;1.58;0.00;0.00;1.57;0.00;15.65;8.10;162.89;84.60
6.70;3.10;-0.22;1.39;2.43;2.29;0.00;2.80;0.00;0.00;1.65;0.00;0.00;1.57;0.00;14.86;7.30;154.64;76.31
6.83;3.07;-0.19;1.74;2.92;2.38;0.00;2.80;0.00;0.00;1.72;0.00;0.00;1.57;0.00;9.37;1.10;97.52;11.45
6.97;3.11;-0.12;1.25;-0.32;2.38;0.00;2.80;0.00;0.00;1.78;0.00;0.00;1.57;0.00;20.99;12.71;218.42;132.85
7.10;3.09;-0.12;1.18;-0.30;2.18;-0.00;2.80;0.00;0.00;1.85;0.00;0.00;1.57;0.00;23.77;17.23;247.38;180.09
7.24;3.11;-0.02;1.34;1.45;2.18;0.00;2.80;0.00;0.00;1.92;0.00;0.00;1.57;0.00;21.97;15.43;228.64;161.27
7.37;3.11;0.00;1.58;1.90;2.18;0.00;2.80;0.00;0.00;1.99;0.00;0.00;1.57;0.00;17.88;11.34;186.04;118.50
7.51;3.11;0.03;1.86;2.37;2.18;0.00;2.80;0.00;0.00;2.05;0.00;0.00;1.57;0.00;12.90;6.36;134.20;66.44
7.64;3.27;0.71;1.96;1.96;1.77;-0.00;2.80;0.00;0.00;2.12;0.00;0.00;1.57;0.00;8.28;5.96;86.16;62.31
7.77;3.70;1.86;1.78;1.11;1.77;0.00;2.80;0.00;0.00;2.19;0.00;0.00;1.57;0.00;17.67;15.35;183.89;160.44
7.91;3.75;0.98;1.83;1.61;1.42;-0.00;2.80;0.00;0.00;2.25;0.00;0.00;1.57;0.00;7.13;8.82;74.18;92.14
8.04;3.74;0.59;2.06;2.24;1.42;0.00;2.80;0.00;0.00;2.32;0.00;0.00;1.57;0.00;2.63;4.32;27.40;45.16
8.18;3.72;0.90;1.94;0.65;1.48;0.00;2.80;0.00;0.00;2.39;0.00;0.00;1.57;0.00;10.06;11.05;104.63;115.48
8.31;3.85;1.24;1.96;0.51;1.48;0.00;2.80;0.00;0.00;2.46;0.00;0.00;1.57;0.00;10.98;11.97;114.24;125.13
8.44;3.86;0.94;1.86;0.51;1.49;0.00;2.80;0.00;0.00;2.52;0.00;0.00;1.57;0.00;16.05;16.97;167.03;177.31
8.58;4.01;1.20;1.93;0.69;0.58;-0.00;2.80;0.00;0.00;2.59;0.00;0.00;1.57;0.00;-23.28;-13.73;-242.20;-143.51
8.72;3.49;-1.79;1.80;-0.21;0.58;0.00;2.80;0.00;0.00;2.66;0.00;0.00;1.57;0.00;-7.65;1.89;-79.65;19.71
8.85;3.18;-2.37;1.76;-0.31;0.58;0.00;2.80;0.00;0.00;2.73;0.00;0.00;1.57;0.00;1.22;10.77;12.74;112.49
8.98;2.83;-2.96;1.71;-0.45;0.58;0.00;2.80;0.00;0.00;2.79;0.00;0.00;1.57;0.00;11.60;21.14;120.66;220.86
9.12;2.55;-2.73;1.68;-0.35;0.70;0.00;2.80;0.00;0.00;2.86;0.00;0.00;1.57;0.00;22.85;31.58;237.80;330.00
9.25;3.51;0.66;1.93;0.56;0.70;0.00;2.80;0.00;0.00;2.93;0.00;0.00;1.57;0.00;-1.47;7.26;-15.30;75.85
9.39;3.67;0.79;2.02;0.70;0.94;0.00;2.80;0.00;0.00;2.99;0.00;0.00;1.57;0.00;4.52;11.25;47.04;117.60
9.52;3.84;0.54;2.12;0.88;0.94;0.00;2.80;0.00;0.00;3.06;0.00;0.00;1.57;0.00;0.89;7.63;9.30;79.70
9.66;3.85;0.44;2.19;0.95;1.19;0.00;2.80;0.00;0.00;3.13;0.00;0.00;1.57;0.00;11.46;15.76;119.29;164.72
9.79;3.83;0.34;2.28;1.10;1.19;0.00;2.80;0.00;0.00;3.20;0.00;0.00;1.57;0.00;11.10;15.40;115.54;160.95
9.93;3.81;0.19;2.29;0.96;1.27;0.00;2.80;0.00;0.00;3.26;0.00;0.00;1.57;0.00;16.18;19.60;168.40;204.81
10.06;3.81;0.18;2.40;1.14;1.27;0.00;2.80;0.00;0.00;3.33;0.00;0.00;1.57;0.00;15.02;18.44;156.28;192.65
10.19;3.28;-3.21;2.73;2.83;1.02;-0.00;2.80;0.00;0.00;3.40;0.00;0.00;1.57;0.00;6.05;12.07;62.92;126.11
10.33;2.72;-4.35;3.19;3.61;1.02;0.00;2.80;0.00;0.00;3.46;0.00;0.00;1.57;0.00;4.98;11.01;51.85;115.00
10.46;3.29;0.61;2.74;-0.20;1.02;0.00;2.80;0.00;0.00;3.53;0.00;0.00;1.57;0.00;8.81;14.83;91.64;154.95
10.60;3.41;0.87;2.68;-0.39;1.02;0.00;2.80;0.00;0.00;3.60;0.00;0.00;1.57;0.00;10.40;16.34;108.20;170.69
10.73;3.62;0.12;2.68;1.03;1.02;0.00;2.80;0.00;0.00;3.67;0.00;0.00;1.57;0.00;9.02;14.95;93.82;156.26
10.87;3.56;-0.79;2.90;1.94;0.99;-0.00;2.80;0.00;0.00;3.73;0.00;0.00;1.57;0.00;4.89;11.16;50.88;116.66
11.00;2.46;-5.63;3.74;4.83;0.99;0.00;2.80;0.00;0.00;3.75;0.00;0.00;1.57;0.00;2.49;8.77;25.93;91.60
11.14;1.95;-4.90;4.16;3.76;3.03;0.00;2.80;0.00;0.00;3.75;0.00;0.00;1.57;0.00;-19.68;-31.03;-204.74;-324.29
11.27;3.18;1.51;3.03;-2.41;3.03;0.00;2.80;0.00;0.00;3.75;0.00;0.00;1.57;0.00;18.65;7.29;194.03;76.15
11.41;3.43;0.24;2.78;-0.96;1.41;-0.00;2.80;0.00;0.00;3.75;0.00;0.00;1.57;0.00;23.49;25.30;244.46;264.37
11.54;3.33;-1.26;2.97;0.81;1.41;0.00;2.80;0.00;0.00;3.75;0.00;0.00;1.57;0.00;18.80;20.60;195.58;215.29
11.68;3.28;-0.29;3.11;0.39;1.53;0.00;2.80;0.00;0.00;3.75;0.00;0.00;1.57;0.00;17.31;17.81;180.14;186.10
11.81;3.30;0.01;3.16;0.31;1.53;0.00;2.80;0.00;0.00;3.75;0.00;0.00;1.57;0.00;15.91;16.41;165.60;171.50
11.95;3.71;2.16;2.86;-1.44;1.08;-0.00;2.80;0.00;0.00;3.75;0.00;0.00;1.57;0.00;7.64;12.98;79.46;135.67
