=~=~=~=~=~=~=~=~=~=~=~= PuTTY log 2024.06.19 14:00:26 =~=~=~=~=~=~=~=~=~=~=~=
0.13;3.66;0.00;0.27;-0.00;0.00;0.00;0.00;0.00;0.00;0.00;0.00;0.00;0.00;0.00;0.00;0.00;0.00;0.00
0.26;3.66;0.00;0.27;-0.00;2.10;0.00;0.00;0.00;0.00;0.00;0.00;0.00;0.00;0.00;0.00;0.00;0.00;0.00
0.40;3.66;0.00;0.27;0.00;2.10;-0.00;0.00;0.00;0.00;0.00;0.00;0.00;0.00;0.00;0.00;0.00;0.00;0.00
0.53;3.66;0.00;0.27;0.00;2.10;0.00;0.00;0.00;0.00;0.00;0.00;0.00;0.00;0.00;0.00;0.00;0.00;0.00
0.66;3.66;0.01;0.27;-0.00;2.10;0.00;0.00;0.00;0.00;0.00;0.00;0.00;0.00;0.00;0.00;0.00;0.00;0.00
0.80;3.66;0.01;0.27;0.00;2.10;0.00;0.00;0.00;0.00;0.00;0.00;0.00;0.00;0.00;0.00;0.00;0.00;0.00
0.93;3.66;0.00;0.27;0.00;2.09;-0.00;0.00;0.00;0.00;0.00;0.00;0.00;0.00;0.00;0.00;0.00;0.00;0.00
1.06;3.66;0.00;0.27;0.00;2.09;0.00;0.00;0.00;0.00;0.00;0.00;0.00;0.00;0.00;0.00;0.00;0.00;0.00
1.20;3.66;0.00;0.27;0.00;2.10;0.00;0.00;0.00;0.00;0.00;0.00;0.00;0.00;0.00;0.00;0.00;0.00;0.00
1.33;3.66;0.00;0.27;0.00;2.10;0.00;0.00;0.00;0.00;0.00;0.00;0.00;0.00;0.00;0.00;0.00;0.00;0.00
1.46;3.66;0.01;0.27;0.00;2.09;-0.00;0.00;0.00;0.00;0.00;0.00;0.00;0.00;0.00;0.00;0.00;0.00;0.00
1.60;3.66;0.01;0.27;0.00;2.10;0.00;0.00;0.00;0.00;0.00;0.00;0.00;0.00;0.00;0.00;0.00;0.00;0.00
1.73;3.66;-0.01;0.27;0.00;2.10;0.00;0.00;0.00;0.00;0.00;0.00;0.00;0.00;0.00;0.00;0.00;0.00;0.00
1.86;3.65;-0.01;0.27;0.00;2.09;-0.00;0.00;0.00;0.00;0.00;0.00;0.00;0.00;0.00;0.00;0.00;0.00;0.00
2.00;3.66;0.01;0.27;0.01;2.09;0.00;0.00;0.00;0.00;0.00;0.00;0.00;0.00;0.00;0.00;0.00;0.00;0.00
2.13;3.66;0.01;0.28;0.01;2.10;0.00;0.00;0.00;0.00;0.00;0.00;0.00;0.00;0.00;0.00;0.00;0.00;0.00
2.26;3.66;-0.01;0.27;-0.01;2.10;0.00;0.00;0.00;0.00;0.00;0.00;0.00;0.00;0.00;0.00;0.00;0.00;0.00
2.40;3.65;-0.01;0.27;-0.00;2.10;-0.00;0.00;0.00;0.00;0.00;0.00;0.00;0.00;0.00;0.00;0.00;0.00;0.00
2.53;3.65;-0.01;0.28;0.03;2.10;0.00;0.00;0.00;0.00;0.00;0.00;0.00;0.00;0.00;0.00;0.00;0.00;0.00
2.66;3.65;-0.01;0.28;0.02;2.10;-0.00;0.00;0.00;0.00;0.00;0.00;0.00;0.00;0.00;0.00;0.00;0.00;0.00
2.80;3.65;-0.00;0.28;0.00;2.10;0.00;0.00;0.00;0.00;0.00;0.00;0.00;0.00;0.00;0.00;0.00;0.00;0.00
2.93;3.65;0.00;0.27;-0.01;2.10;0.00;0.00;0.00;0.00;0.00;0.00;0.00;0.00;0.00;0.00;0.00;0.00;0.00
3.06;3.65;0.00;0.27;-0.03;2.10;0.00;0.00;0.00;0.00;0.00;0.00;0.00;0.00;0.00;0.00;0.00;0.00;0.00
3.20;3.66;0.00;0.27;0.00;2.09;-0.00;0.00;0.00;0.00;0.00;0.00;0.00;0.00;0.00;0.00;0.00;0.00;0.00
3.33;3.65;0.00;0.27;0.01;2.09;0.00;0.00;0.00;0.00;0.00;0.00;0.00;0.00;0.00;0.00;0.00;0.00;0.00
3.46;3.66;0.01;0.27;0.00;2.09;0.00;0.00;0.00;0.00;0.00;0.00;0.00;0.00;0.00;0.00;0.00;0.00;0.00
3.60;3.66;0.01;0.27;-0.00;2.09;0.00;0.00;0.00;0.00;0.00;0.00;0.00;0.00;0.00;0.00;0.00;0.00;0.00
3.73;3.66;0.00;0.28;0.01;2.09;0.00;0.00;0.00;0.00;0.00;0.00;0.00;0.00;0.00;0.00;0.00;0.00;0.00
3.86;3.66;-0.00;0.28;0.01;2.10;0.00;0.00;0.00;0.00;0.00;0.00;0.00;0.00;0.00;0.00;0.00;0.00;0.00
4.00;3.65;-0.01;0.28;0.01;2.10;0.00;0.00;0.00;0.00;0.00;0.00;0.00;0.00;0.00;0.00;0.00;0.00;0.00
4.13;3.65;-0.01;0.28;0.01;2.10;0.00;2.80;0.00;0.00;0.37;0.00;0.00;1.57;0.00;17.32;11.53;180.20;120.52
4.27;3.66;0.01;0.28;-0.00;2.10;0.00;2.80;0.00;0.00;0.43;0.00;0.00;1.57;0.00;19.12;13.34;198.98;139.38
4.40;3.66;0.00;0.28;-0.01;2.11;0.00;2.80;0.00;0.00;0.50;0.00;0.00;1.57;0.00;21.05;15.16;219.04;158.45
4.54;3.65;-0.02;0.28;0.00;2.11;0.00;2.80;0.00;0.00;0.57;0.00;0.00;1.57;0.00;22.63;16.75;235.50;174.98
4.67;3.64;-0.09;0.29;0.09;2.13;0.00;2.80;0.00;0.00;0.64;0.00;0.00;1.57;0.00;24.22;18.17;252.07;189.84
4.80;3.62;-0.14;0.33;0.26;2.13;0.00;2.80;0.00;0.00;0.70;0.00;0.00;1.57;0.00;24.52;18.46;255.12;192.91
4.94;3.60;-0.17;0.37;0.33;2.09;-0.00;2.80;0.00;0.00;0.77;0.00;0.00;1.57;0.00;23.90;18.25;248.65;190.71
5.07;3.57;-0.20;0.43;0.42;2.09;0.00;2.80;0.00;0.00;0.84;0.00;0.00;1.57;0.00;23.81;18.17;247.77;189.82
5.21;3.55;-0.16;0.49;0.40;2.05;-0.00;2.80;0.00;0.00;0.91;0.00;0.00;1.57;0.00;23.10;17.86;240.37;186.60
5.34;3.52;-0.19;0.54;0.41;2.05;0.00;2.80;0.00;0.00;0.97;0.00;0.00;1.57;0.00;23.11;17.87;240.53;186.76
5.48;3.48;-0.27;0.63;0.54;1.98;-0.00;2.80;0.00;0.00;1.04;0.00;0.00;1.57;0.00;20.96;16.39;218.15;171.25
5.61;3.44;-0.33;0.71;0.60;1.90;-0.00;2.80;0.00;0.00;1.11;0.00;0.00;1.57;0.00;18.45;14.76;191.94;154.25
5.75;3.42;-0.23;0.80;0.63;1.90;0.00;2.80;0.00;0.00;1.17;0.00;0.00;1.57;0.00;17.64;13.96;183.60;145.88
5.88;3.39;-0.28;0.89;0.65;1.86;-0.00;2.80;0.00;0.00;1.24;0.00;0.00;1.57;0.00;16.25;12.94;169.07;135.26
6.02;3.39;-0.17;0.95;0.56;1.86;0.00;2.80;0.00;0.00;1.31;0.00;0.00;1.57;0.00;16.18;12.88;168.35;134.54
6.15;3.36;-0.20;1.03;0.56;1.81;-0.00;2.80;0.00;0.00;1.38;0.00;0.00;1.57;0.00;14.86;12.16;154.68;127.04
6.29;3.36;-0.16;1.09;0.57;1.81;0.00;2.80;0.00;0.00;1.44;0.00;0.00;1.57;0.00;14.89;12.19;154.98;127.34
6.42;3.35;-0.13;1.16;0.50;1.77;-0.00;2.80;0.00;0.00;1.51;0.00;0.00;1.57;0.00;13.98;11.74;145.44;122.65
6.56;3.34;-0.12;1.22;0.51;1.77;0.00;2.80;0.00;0.00;1.58;0.00;0.00;1.57;0.00;14.13;11.89;147.05;124.26
6.69;3.33;-0.13;1.23;0.32;2.30;0.00;2.80;0.00;0.00;1.65;0.00;0.00;1.57;0.00;22.73;15.16;236.55;158.41
6.83;3.32;-0.14;1.23;0.23;2.30;0.00;2.80;0.00;0.00;1.71;0.00;0.00;1.57;0.00;23.85;16.28;248.18;170.09
6.96;3.31;-0.08;1.25;0.17;2.49;0.00;2.80;0.00;0.00;1.78;0.00;0.00;1.57;0.00;25.50;16.40;265.34;171.33
7.10;3.31;-0.10;1.27;0.17;2.49;0.00;2.80;0.00;0.00;1.85;0.00;0.00;1.57;0.00;26.10;16.99;271.57;177.58
7.23;3.31;-0.07;1.39;0.34;2.41;-0.00;2.80;0.00;0.00;1.92;0.00;0.00;1.57;0.00;24.96;16.44;259.70;171.76
7.37;3.28;-0.25;1.46;0.49;2.41;0.00;2.80;0.00;0.00;1.98;0.00;0.00;1.57;0.00;24.60;16.08;256.01;168.05
7.50;3.29;-0.07;1.56;0.54;2.41;0.00;2.80;0.00;0.00;2.05;0.00;0.00;1.57;0.00;23.92;15.40;248.89;160.91
7.64;3.28;-0.11;1.64;0.51;1.79;-0.00;2.80;0.00;0.00;2.12;0.00;0.00;1.57;0.00;17.51;14.98;182.23;156.53
7.77;3.29;-0.08;1.84;0.84;1.79;0.00;2.80;0.00;0.00;2.19;0.00;0.00;1.57;0.00;14.06;11.53;146.33;120.48
7.91;3.28;-0.09;1.96;0.89;1.27;-0.00;2.80;0.00;0.00;2.25;0.00;0.00;1.57;0.00;2.19;5.60;22.74;58.54
8.04;3.30;-0.03;2.09;0.99;1.27;0.00;2.80;0.00;0.00;2.32;0.00;0.00;1.57;0.00;0.25;3.66;2.57;38.30
8.17;3.30;-0.03;2.22;1.01;0.89;-0.00;2.80;0.00;0.00;2.39;0.00;0.00;1.57;0.00;-8.82;-1.63;-91.75;-16.98
8.31;3.31;-0.00;2.33;0.92;0.89;0.00;2.80;0.00;0.00;2.45;0.00;0.00;1.57;0.00;-9.90;-2.71;-103.05;-28.33
8.44;3.31;0.01;2.44;0.88;0.65;-0.00;2.80;0.00;0.00;2.52;0.00;0.00;1.57;0.00;-14.71;-5.58;-153.05;-58.31
8.58;3.32;0.02;2.52;0.77;0.65;0.00;2.80;0.00;0.00;2.59;0.00;0.00;1.57;0.00;-15.10;-5.98;-157.16;-62.44
8.71;3.32;0.09;2.34;-0.21;2.26;0.00;2.80;0.00;0.00;2.66;0.00;0.00;1.57;0.00;20.10;12.83;209.19;134.10
8.85;3.34;0.26;2.14;-0.58;2.26;0.00;2.80;0.00;0.00;2.72;0.00;0.00;1.57;0.00;26.33;19.06;273.99;199.17
8.98;3.35;0.18;2.26;0.40;1.91;-0.00;2.80;0.00;0.00;2.79;0.00;0.00;1.57;0.00;21.48;17.70;223.54;185.00
9.11;3.37;0.15;2.34;0.46;1.91;0.00;2.80;0.00;0.00;2.86;0.00;0.00;1.57;0.00;21.20;17.42;220.58;182.03
9.25;3.38;0.14;2.40;0.45;1.58;-0.00;2.80;0.00;0.00;2.92;0.00;0.00;1.57;0.00;15.14;15.06;157.56;157.39
9.38;3.34;-0.00;2.44;0.27;1.58;0.00;2.80;0.00;0.00;2.99;0.00;0.00;1.57;0.00;16.06;15.98;167.12;166.99
9.52;3.32;-0.05;2.47;0.32;1.58;0.00;2.80;0.00;0.00;3.06;0.00;0.00;1.57;0.00;17.09;17.01;177.79;177.70
9.65;3.31;-0.05;2.51;0.28;1.72;0.00;2.80;0.00;0.00;3.13;0.00;0.00;1.57;0.00;20.53;18.82;213.62;196.65
9.79;3.31;-0.07;2.54;0.32;1.72;0.00;2.80;0.00;0.00;3.19;0.00;0.00;1.57;0.00;21.53;19.83;224.08;207.16
9.92;3.30;-0.06;2.59;0.33;1.72;0.00;2.80;0.00;0.00;3.26;0.00;0.00;1.57;0.00;22.05;20.34;229.47;212.57
10.06;3.29;-0.05;2.64;0.34;1.57;-0.00;2.80;0.00;0.00;3.33;0.00;0.00;1.57;0.00;19.75;19.79;205.47;206.74
10.19;3.29;-0.10;2.71;0.51;1.82;0.00;2.80;0.00;0.00;3.40;0.00;0.00;1.57;0.00;23.82;20.98;247.91;219.25
10.33;3.27;-0.09;2.82;0.60;1.82;0.00;2.80;0.00;0.00;3.46;0.00;0.00;1.57;0.00;22.49;19.65;234.06;205.34
10.46;3.27;-0.06;2.88;0.51;2.09;0.00;2.80;0.00;0.00;3.53;0.00;0.00;1.57;0.00;25.60;19.97;266.40;208.71
10.60;3.27;-0.04;2.90;0.35;2.09;0.00;2.80;0.00;0.00;3.60;0.00;0.00;1.57;0.00;26.81;21.18;278.98;221.34
10.73;3.27;-0.02;3.00;0.60;1.78;-0.00;2.80;0.00;0.00;3.67;0.00;0.00;1.57;0.00;22.65;20.24;235.74;211.49
10.87;3.28;-0.03;3.11;0.60;1.78;0.00;2.80;0.00;0.00;3.73;0.00;0.00;1.57;0.00;21.42;19.00;222.87;198.56
11.00;3.28;0.05;3.20;0.52;1.68;-0.00;2.80;0.00;0.00;3.75;0.00;0.00;1.57;0.00;17.80;16.57;185.25;173.13
11.14;3.28;0.00;3.26;0.51;1.68;0.00;2.80;0.00;0.00;3.75;0.00;0.00;1.57;0.00;15.94;14.71;165.87;153.67
11.27;3.28;-0.01;3.30;0.47;1.14;-0.00;2.80;0.00;0.00;3.75;0.00;0.00;1.57;0.00;3.49;8.24;36.28;86.15
11.41;3.28;-0.02;3.37;0.56;1.18;0.00;2.80;0.00;0.00;3.75;0.00;0.00;1.57;0.00;2.63;6.95;27.34;72.57
11.54;3.28;-0.03;3.46;0.61;1.18;0.00;2.80;0.00;0.00;3.75;0.00;0.00;1.57;0.00;0.31;4.63;3.22;48.35
11.68;3.28;-0.03;3.54;0.62;1.18;-0.00;2.80;0.00;0.00;3.75;0.00;0.00;1.57;0.00;-1.88;2.51;-19.55;26.26
11.81;3.30;0.02;3.59;0.48;1.18;0.00;2.80;0.00;0.00;3.75;0.00;0.00;1.57;0.00;-3.33;1.06;-34.62;11.13
11.94;3.30;0.03;3.65;0.46;1.14;-0.00;2.80;0.00;0.00;3.75;0.00;0.00;1.57;0.00;-5.61;-0.88;-58.33;-9.24
12.08;3.32;0.05;3.67;0.38;1.14;0.00;2.80;0.00;0.00;3.75;0.00;0.00;1.57;0.00;-6.39;-1.67;-66.52;-17.47
12.21;3.33;0.05;3.73;0.38;1.49;0.00;2.80;0.00;0.00;3.75;0.00;0.00;1.57;0.00;-0.99;-0.05;-10.28;-0.54
12.35;3.33;0.03;3.78;0.38;1.49;0.00;2.80;0.00;0.00;3.75;0.00;0.00;1.57;0.00;-2.57;-1.63;-26.70;-17.02
12.48;3.34;0.04;3.79;0.23;1.49;0.00;2.80;0.00;0.00;3.75;0.00;0.00;1.57;0.00;-2.70;-1.82;-28.05;-19.01
12.61;3.34;0.05;3.78;0.14;1.49;0.00;2.80;0.00;0.00;3.75;0.00;0.00;1.57;0.00;-2.42;-1.55;-25.22;-16.17
12.75;3.34;0.03;3.76;0.04;1.52;0.00;2.80;0.00;0.00;3.75;0.00;0.00;1.57;0.00;-1.21;-0.65;-12.57;-6.79
12.88;3.35;0.03;3.75;0.01;1.52;0.00;2.80;0.00;0.00;3.75;0.00;0.00;1.57;0.00;-1.04;-0.48;-10.82;-5.03
13.02;3.33;-0.04;3.74;-0.03;1.53;0.00;2.80;0.00;0.00;3.75;0.00;0.00;1.57;0.00;-0.43;0.01;-4.50;0.06
13.15;3.33;-0.06;3.73;-0.04;1.53;0.00;2.80;0.00;0.00;3.75;0.00;0.00;1.57;0.00;-0.28;0.16;-2.94;1.63
13.29;3.33;-0.02;3.73;-0.00;1.53;-0.00;2.80;0.00;0.00;3.75;0.00;0.00;1.57;0.00;-0.48;0.04;-5.03;0.37
13.42;3.32;-0.03;3.73;-0.00;1.54;0.00;2.80;0.00;0.00;3.75;0.00;0.00;1.57;0.00;-0.23;0.17;-2.43;1.73
13.55;3.33;0.01;3.74;-0.01;1.54;0.00;2.80;0.00;0.00;3.75;0.00;0.00;1.57;0.00;-0.30;0.10;-3.12;1.04
13.69;3.33;0.01;3.73;-0.01;1.53;-0.00;2.80;0.00;0.00;3.75;0.00;0.00;1.57;0.00;-0.36;0.10;-3.70;1.08
13.82;3.33;-0.02;3.73;-0.01;1.53;0.00;2.80;0.00;0.00;3.75;0.00;0.00;1.57;0.00;-0.35;0.11;-3.65;1.13
13.96;3.33;-0.02;3.73;-0.01;1.54;0.00;2.80;0.00;0.00;3.75;0.00;0.00;1.57;0.00;-0.21;0.19;-2.18;1.97
14.09;3.33;0.02;3.74;0.01;1.54;0.00;2.80;0.00;0.00;3.75;0.00;0.00;1.57;0.00;-0.33;0.07;-3.44;0.72
14.23;3.33;0.02;3.74;0.01;1.55;0.00;2.80;0.00;0.00;3.75;0.00;0.00;1.57;0.00;-0.14;0.14;-1.47;1.44
14.36;3.34;0.01;3.74;0.00;1.55;0.00;2.80;0.00;0.00;3.75;0.00;0.00;1.57;0.00;-0.11;0.17;-1.19;1.73
14.49;3.33;-0.01;3.74;0.00;1.53;-0.00;2.80;0.00;0.00;3.75;0.00;0.00;1.57;0.00;-0.51;-0.02;-5.35;-0.16
14.63;3.33;-0.04;3.74;0.00;1.53;0.00;2.80;0.00;0.00;3.75;0.00;0.00;1.57;0.00;-0.48;0.02;-4.96;0.23
14.76;3.33;-0.01;3.74;0.00;1.53;0.00;2.80;0.00;0.00;3.75;0.00;0.00;1.57;0.00;-0.44;0.04;-4.58;0.40
14.90;3.33;0.00;3.74;0.00;1.53;0.00;2.80;0.00;0.00;3.75;0.00;0.00;1.57;0.00;-0.44;0.04;-4.60;0.39
15.03;3.33;-0.01;3.74;0.00;1.53;-0.00;2.80;0.00;0.00;3.75;0.00;0.00;1.57;0.00;-0.48;0.02;-4.99;0.20
15.17;3.33;-0.01;3.74;-0.00;1.53;0.00;2.80;0.00;0.00;3.75;0.00;0.00;1.57;0.00;-0.48;0.02;-4.97;0.22
15.30;3.33;0.00;3.74;-0.00;1.53;0.00;2.80;0.00;0.00;3.75;0.00;0.00;1.57;0.00;-0.48;0.02;-4.99;0.20
15.44;3.33;0.00;3.74;-0.00;1.53;0.00;2.80;0.00;0.00;3.75;0.00;0.00;1.57;0.00;-0.41;0.05;-4.23;0.54
15.57;3.33;0.02;3.73;-0.01;1.53;0.00;2.80;0.00;0.00;3.75;0.00;0.00;1.57;0.00;-0.38;0.08;-3.98;0.80
15.70;3.34;0.02;3.73;-0.01;1.53;-0.00;2.80;0.00;0.00;3.75;0.00;0.00;1.57;0.00;-0.40;0.10;-4.19;1.01
15.84;3.33;0.01;3.73;0.00;1.53;0.00;2.80;0.00;0.00;3.75;0.00;0.00;1.57;0.00;-0.46;0.04;-4.77;0.42
15.97;3.34;0.01;3.73;0.00;1.53;0.00;2.80;0.00;0.00;3.75;0.00;0.00;1.57;0.00;-0.46;0.04;-4.78;0.41
16.11;3.34;0.01;3.73;-0.00;1.53;0.00;2.80;0.00;0.00;3.75;0.00;0.00;1.57;0.00;-0.46;0.04;-4.78;0.41
16.24;3.34;0.01;3.74;0.00;1.53;0.00;2.80;0.00;0.00;3.75;0.00;0.00;1.57;0.00;-0.42;0.04;-4.33;0.45
16.37;3.34;0.01;3.74;0.01;1.53;0.00;2.80;0.00;0.00;3.75;0.00;0.00;1.57;0.00;-0.47;-0.01;-4.92;-0.15
16.51;3.34;0.00;3.74;0.00;1.54;0.00;2.80;0.00;0.00;3.75;0.00;0.00;1.57;0.00;-0.36;0.04;-3.76;0.39
16.64;3.33;0.00;3.74;0.00;1.54;0.00;2.80;0.00;0.00;3.75;0.00;0.00;1.57;0.00;-0.33;0.07;-3.46;0.70
16.78;3.34;0.01;3.73;-0.01;1.54;0.00;2.80;0.00;0.00;3.75;0.00;0.00;1.57;0.00;-0.20;0.16;-2.11;1.63
16.91;3.34;0.01;3.73;-0.01;1.54;0.00;2.80;0.00;0.00;3.75;0.00;0.00;1.57;0.00;-0.15;0.21;-1.52;2.22
17.04;3.34;0.01;3.73;0.00;1.54;-0.00;2.80;0.00;0.00;3.75;0.00;0.00;1.57;0.00;-0.28;0.12;-2.89;1.26
17.18;3.34;0.01;3.73;0.00;1.54;0.00;2.80;0.00;0.00;3.75;0.00;0.00;1.57;0.00;-0.28;0.12;-2.91;1.24
1