=~=~=~=~=~=~=~=~=~=~=~= PuTTY log 2024.06.19 14:02:16 =~=~=~=~=~=~=~=~=~=~=~=
0.13;3.66;-0.01;0.31;-0.01;0.00;0.00;0.00;0.00;0.00;0.00;0.00;0.00;0.00;0.00;0.00;0.00;0.00;0.00
0.26;3.66;0.00;0.31;-0.01;2.04;0.00;0.00;0.00;0.00;0.00;0.00;0.00;0.00;0.00;0.00;0.00;0.00;0.00
0.39;3.66;0.01;0.31;-0.01;2.04;0.00;0.00;0.00;0.00;0.00;0.00;0.00;0.00;0.00;0.00;0.00;0.00;0.00
0.53;3.66;0.00;0.31;-0.00;2.04;-0.00;0.00;0.00;0.00;0.00;0.00;0.00;0.00;0.00;0.00;0.00;0.00;0.00
0.66;3.66;0.00;0.31;-0.00;2.04;0.00;0.00;0.00;0.00;0.00;0.00;0.00;0.00;0.00;0.00;0.00;0.00;0.00
0.80;3.66;-0.01;0.31;-0.01;2.03;-0.00;0.00;0.00;0.00;0.00;0.00;0.00;0.00;0.00;0.00;0.00;0.00;0.00
0.93;3.66;-0.01;0.30;-0.02;2.03;0.00;0.00;0.00;0.00;0.00;0.00;0.00;0.00;0.00;0.00;0.00;0.00;0.00
1.06;3.66;-0.01;0.30;-0.01;2.03;0.00;0.00;0.00;0.00;0.00;0.00;0.00;0.00;0.00;0.00;0.00;0.00;0.00
1.20;3.66;-0.01;0.30;-0.01;2.02;-0.00;0.00;0.00;0.00;0.00;0.00;0.00;0.00;0.00;0.00;0.00;0.00;0.00
1.33;3.66;0.01;0.31;0.02;2.02;0.00;0.00;0.00;0.00;0.00;0.00;0.00;0.00;0.00;0.00;0.00;0.00;0.00
1.46;3.66;0.01;0.31;0.02;2.03;0.00;0.00;0.00;0.00;0.00;0.00;0.00;0.00;0.00;0.00;0.00;0.00;0.00
1.60;3.66;0.00;0.31;-0.00;2.03;0.00;0.00;0.00;0.00;0.00;0.00;0.00;0.00;0.00;0.00;0.00;0.00;0.00
1.73;3.66;0.00;0.31;0.00;2.03;-0.00;0.00;0.00;0.00;0.00;0.00;0.00;0.00;0.00;0.00;0.00;0.00;0.00
1.86;3.66;0.01;0.31;0.01;2.03;0.00;0.00;0.00;0.00;0.00;0.00;0.00;0.00;0.00;0.00;0.00;0.00;0.00
2.00;3.66;0.00;0.31;0.00;2.04;0.00;0.00;0.00;0.00;0.00;0.00;0.00;0.00;0.00;0.00;0.00;0.00;0.00
2.13;3.66;0.00;0.31;-0.01;2.04;0.00;0.00;0.00;0.00;0.00;0.00;0.00;0.00;0.00;0.00;0.00;0.00;0.00
2.26;3.66;-0.01;0.31;-0.00;2.04;0.00;0.00;0.00;0.00;0.00;0.00;0.00;0.00;0.00;0.00;0.00;0.00;0.00
2.40;3.66;-0.01;0.31;-0.00;2.04;0.00;0.00;0.00;0.00;0.00;0.00;0.00;0.00;0.00;0.00;0.00;0.00;0.00
2.53;3.66;-0.01;0.31;-0.00;2.04;0.00;0.00;0.00;0.00;0.00;0.00;0.00;0.00;0.00;0.00;0.00;0.00;0.00
2.66;3.67;0.04;0.30;-0.02;2.03;-0.00;0.00;0.00;0.00;0.00;0.00;0.00;0.00;0.00;0.00;0.00;0.00;0.00
2.80;3.66;0.00;0.31;0.00;2.03;-0.00;0.00;0.00;0.00;0.00;0.00;0.00;0.00;0.00;0.00;0.00;0.00;0.00
2.93;3.66;-0.00;0.31;0.00;2.03;0.00;0.00;0.00;0.00;0.00;0.00;0.00;0.00;0.00;0.00;0.00;0.00;0.00
3.06;3.66;0.00;0.31;0.00;2.04;0.00;0.00;0.00;0.00;0.00;0.00;0.00;0.00;0.00;0.00;0.00;0.00;0.00
3.20;3.66;0.00;0.31;-0.00;2.04;-0.00;0.00;0.00;0.00;0.00;0.00;0.00;0.00;0.00;0.00;0.00;0.00;0.00
3.33;3.66;0.00;0.31;-0.00;2.04;0.00;0.00;0.00;0.00;0.00;0.00;0.00;0.00;0.00;0.00;0.00;0.00;0.00
3.47;3.66;0.00;0.31;-0.00;2.03;-0.00;0.00;0.00;0.00;0.00;0.00;0.00;0.00;0.00;0.00;0.00;0.00;0.00
3.60;3.66;0.01;0.31;0.00;2.03;0.00;0.00;0.00;0.00;0.00;0.00;0.00;0.00;0.00;0.00;0.00;0.00;0.00
3.73;3.66;0.01;0.31;-0.00;2.03;0.00;0.00;0.00;0.00;0.00;0.00;0.00;0.00;0.00;0.00;0.00;0.00;0.00
3.87;3.66;0.01;0.31;0.00;2.03;0.00;0.00;0.00;0.00;0.00;0.00;0.00;0.00;0.00;0.00;0.00;0.00;0.00
4.00;3.66;0.00;0.31;0.00;2.04;0.00;2.80;0.00;0.00;0.30;0.00;0.00;1.57;0.00;13.39;8.26;139.35;86.27
4.14;3.66;0.00;0.31;0.00;2.04;0.00;2.80;0.00;0.00;0.37;0.00;0.00;1.57;0.00;15.09;9.95;157.01;104.01
4.27;3.66;0.00;0.31;0.00;2.04;0.00;2.80;0.00;0.00;0.44;0.00;0.00;1.57;0.00;16.82;11.69;175.07;122.14
4.41;3.66;-0.01;0.31;-0.01;2.04;0.00;2.80;0.00;0.00;0.50;0.00;0.00;1.57;0.00;18.66;13.47;194.20;140.80
4.54;3.66;-0.05;0.32;0.06;1.98;-0.00;2.80;0.00;0.00;0.57;0.00;0.00;1.57;0.00;18.73;14.14;194.95;147.76
4.68;3.65;-0.08;0.33;0.07;1.98;0.00;2.80;0.00;0.00;0.64;0.00;0.00;1.57;0.00;19.99;15.40;208.05;160.92
4.81;3.65;0.02;0.38;0.31;1.86;-0.00;2.80;0.00;0.00;0.70;0.00;0.00;1.57;0.00;17.23;14.02;179.28;146.51
4.94;3.66;0.04;0.43;0.38;1.86;0.00;2.80;0.00;0.00;0.77;0.00;0.00;1.57;0.00;17.82;14.61;185.43;152.68
5.08;3.66;0.04;0.48;0.44;1.54;-0.00;2.80;0.00;0.00;0.84;0.00;0.00;1.57;0.00;9.31;9.63;96.84;100.58
5.21;3.65;-0.04;0.53;0.36;1.54;0.00;2.80;0.00;0.00;0.91;0.00;0.00;1.57;0.00;9.94;10.26;103.45;107.22
5.35;3.67;0.13;0.64;0.80;1.54;0.00;2.80;0.00;0.00;0.97;0.00;0.00;1.57;0.00;8.80;9.12;91.55;95.27
5.48;3.69;0.06;0.76;0.96;3.63;0.00;2.80;0.00;0.00;1.04;0.00;0.00;1.57;0.00;23.76;13.66;247.21;142.71
5.62;3.40;-0.74;1.10;1.58;3.63;0.00;2.80;0.00;0.00;1.11;0.00;0.00;1.57;0.00;19.92;9.82;207.27;102.60
5.75;3.32;-0.56;1.30;1.50;3.64;0.00;2.80;0.00;0.00;1.18;0.00;0.00;1.57;0.00;19.67;9.64;204.66;100.77
5.89;3.43;0.05;1.20;0.50;3.64;0.00;2.80;0.00;0.00;1.24;0.00;0.00;1.57;0.00;20.25;10.23;210.71;106.85
6.02;3.45;0.04;1.24;0.45;3.65;0.00;2.80;0.00;0.00;1.31;0.00;0.00;1.57;0.00;20.32;10.35;211.41;108.15
6.16;3.49;0.00;1.25;0.42;3.65;0.00;2.80;0.00;0.00;1.38;0.00;0.00;1.57;0.00;20.30;10.33;211.22;107.96
6.29;3.50;-0.00;1.30;0.48;3.68;0.00;2.80;0.00;0.00;1.45;0.00;0.00;1.57;0.00;19.85;10.06;206.52;105.13
6.43;3.51;0.06;1.38;0.52;3.68;0.00;2.80;0.00;0.00;1.51;0.00;0.00;1.57;0.00;20.40;10.61;212.29;110.92
6.56;3.70;0.57;1.29;-0.08;1.24;-0.00;2.80;0.00;0.00;1.58;0.00;0.00;1.57;0.00;-2.41;1.32;-25.13;13.84
6.69;3.90;0.99;1.17;-0.36;1.24;0.00;2.80;0.00;0.00;1.65;0.00;0.00;1.57;0.00;0.72;4.46;7.53;46.64
6.83;3.91;0.23;1.29;0.44;1.04;-0.00;2.80;0.00;0.00;1.71;0.00;0.00;1.57;0.00;-8.68;-2.86;-90.29;-29.88
6.96;3.93;0.18;1.36;0.50;1.04;0.00;2.80;0.00;0.00;1.78;0.00;0.00;1.57;0.00;-9.04;-3.22;-94.04;-33.64
7.10;3.92;0.24;1.47;0.45;0.88;-0.00;2.80;0.00;0.00;1.85;0.00;0.00;1.57;0.00;-15.43;-8.18;-160.58;-85.45
7.23;3.95;0.23;1.53;0.40;0.88;0.00;2.80;0.00;0.00;1.92;0.00;0.00;1.57;0.00;-15.85;-8.60;-164.97;-89.86
7.37;3.98;0.24;1.58;0.40;0.88;0.00;2.80;0.00;0.00;1.98;0.00;0.00;1.57;0.00;-16.11;-8.85;-167.61;-92.51
7.50;4.01;0.24;1.63;0.38;0.45;-0.00;2.80;0.00;0.00;2.05;0.00;0.00;1.57;0.00;-30.97;-20.70;-322.31;-216.32
7.64;4.01;0.19;1.56;0.20;0.45;0.00;2.80;0.00;0.00;2.12;0.00;0.00;1.57;0.00;-29.18;-18.90;-303.59;-197.53
7.77;4.03;0.18;1.58;0.19;0.60;0.00;2.80;0.00;0.00;2.19;0.00;0.00;1.57;0.00;-23.83;-14.41;-247.99;-150.61
7.91;4.02;0.10;1.57;0.13;0.60;0.00;2.80;0.00;0.00;2.25;0.00;0.00;1.57;0.00;-22.32;-12.90;-232.25;-134.80
8.04;4.03;0.11;1.59;0.14;0.60;0.00;2.80;0.00;0.00;2.32;0.00;0.00;1.57;0.00;-21.88;-12.46;-227.67;-130.20
8.17;4.05;0.12;1.61;0.15;0.60;0.00;2.80;0.00;0.00;2.39;0.00;0.00;1.57;0.00;-21.50;-12.08;-223.68;-126.19
8.31;4.07;0.13;1.63;0.16;0.60;0.00;2.80;0.00;0.00;2.45;0.00;0.00;1.57;0.00;-21.11;-11.69;-219.68;-122.18
8.44;4.08;0.13;1.65;0.17;0.60;0.00;2.80;0.00;0.00;2.52;0.00;0.00;1.57;0.00;-20.82;-11.40;-216.68;-119.17
8.58;4.10;0.14;1.67;0.17;0.60;0.00;2.80;0.00;0.00;2.59;0.00;0.00;1.57;0.00;-20.50;-11.08;-213.35;-115.82
8.71;4.12;0.15;1.69;0.18;0.60;0.00;2.80;0.00;0.00;2.66;0.00;0.00;1.57;0.00;-20.29;-10.87;-211.17;-113.63
8.85;4.14;0.16;1.72;0.19;0.60;0.00;2.80;0.00;0.00;2.72;0.00;0.00;1.57;0.00;-20.08;-10.67;-209.00;-111.45
8.98;4.17;0.17;1.75;0.20;0.60;0.00;2.80;0.00;0.00;2.79;0.00;0.00;1.57;0.00;-19.98;-10.56;-207.89;-110.35
9.11;4.19;0.18;1.77;0.21;0.60;0.00;2.80;0.00;0.00;2.86;0.00;0.00;1.57;0.00;-19.85;-10.43;-206.55;-108.99
9.25;4.21;0.19;1.80;0.22;0.60;0.00;2.80;0.00;0.00;2.92;0.00;0.00;1.57;0.00;-19.81;-10.39;-206.11;-108.56
9.38;4.24;0.19;1.83;0.23;0.60;0.00;2.80;0.00;0.00;2.99;0.00;0.00;1.57;0.00;-19.80;-10.38;-206.01;-108.45
9.52;4.26;0.20;1.87;0.24;0.60;0.00;2.80;0.00;0.00;3.06;0.00;0.00;1.57;0.00;-19.90;-10.48;-207.06;-109.51
9.65;4.29;0.21;1.90;0.25;0.60;0.00;2.80;0.00;0.00;3.13;0.00;0.00;1.57;0.00;-19.97;-10.55;-207.78;-110.23
9.79;4.31;0.21;1.92;0.25;0.60;0.00;2.80;0.00;0.00;3.19;0.00;0.00;1.57;0.00;-19.62;-10.21;-204.20;-106.64
9.92;4.34;0.17;1.98;0.30;0.60;0.00;2.80;0.00;0.00;3.26;0.00;0.00;1.57;0.00;-20.26;-10.84;-210.85;-113.31
10.05;4.35;0.17;1.99;0.30;0.60;0.00;2.80;0.00;0.00;3.33;0.00;0.00;1.57;0.00;-19.70;-10.29;-205.05;-107.49
10.19;4.40;0.21;2.06;0.31;0.60;0.00;2.80;0.00;0.00;3.39;0.00;0.00;1.57;0.00;-20.72;-11.31;-215.66;-118.14
10.32;4.43;0.22;2.10;0.31;0.60;0.00;2.80;0.00;0.00;3.46;0.00;0.00;1.57;0.00;-20.95;-11.53;-217.97;-120.47
10.46;4.46;0.23;2.14;0.32;0.60;0.00;2.80;0.00;0.00;3.53;0.00;0.00;1.57;0.00;-21.22;-11.81;-220.86;-123.37
10.59;4.12;0.05;1.70;0.07;0.68;0.00;2.80;0.00;0.00;3.60;0.00;0.00;1.57;0.00;0.51;9.38;5.32;98.02
10.73;4.04;0.01;1.59;0.02;0.68;0.00;2.80;0.00;0.00;3.66;0.00;0.00;1.57;0.00;5.44;14.31;56.63;149.55
10.86;4.04;0.01;1.59;0.02;0.68;0.00;2.80;0.00;0.00;3.73;0.00;0.00;1.57;0.00;6.64;15.51;69.10;162.07
10.99;4.04;0.01;1.59;0.01;0.68;0.00;2.80;0.00;0.00;3.75;0.00;0.00;1.57;0.00;7.17;16.04;74.63;167.62
11.13;4.01;-0.00;1.55;0.01;0.74;0.00;2.80;0.00;0.00;3.75;0.00;0.00;1.57;0.00;13.00;21.41;135.25;223.72
11.26;4.00;-0.00;1.55;0.01;0.89;0.00;2.80;0.00;0.00;3.75;0.00;0.00;1.57;0.00;23.85;31.01;248.19;324.06
11.40;4.02;0.08;1.57;0.08;0.89;0.00;2.80;0.00;0.00;3.75;0.00;0.00;1.57;0.00;23.27;30.43;242.11;317.95
11.53;4.03;0.09;1.57;0.08;0.89;0.00;2.80;0.00;0.00;3.75;0.00;0.00;1.57;0.00;22.93;30.09;238.58;314.40
11.67;4.05;0.10;1.59;0.08;0.89;0.00;2.80;0.00;0.00;3.75;0.00;0.00;1.57;0.00;22.23;29.39;231.33;307.13
11.80;4.05;0.11;1.60;0.19;1.98;0.00;2.80;0.00;0.00;3.75;0.00;0.00;1.57;0.00;72.81;68.25;757.60;713.15
11.94;4.03;0.11;1.63;0.25;1.98;0.00;2.80;0.00;0.00;3.75;0.00;0.00;1.57;0.00;71.78;67.22;746.92;702.42
12.07;4.03;-0.04;1.67;0.52;2.27;0.00;2.80;0.00;0.00;3.75;0.00;0.00;1.57;0.00;71.68;64.34;745.84;672.35
12.21;3.98;-0.17;1.79;0.91;2.27;0.00;2.80;0.00;0.00;3.75;0.00;0.00;1.57;0.00;68.33;61.00;711.06;637.43
12.34;3.96;-0.12;1.90;0.76;2.25;-0.00;2.80;0.00;0.00;3.75;0.00;0.00;1.57;0.00;65.52;58.36;681.78;609.80
12.47;3.93;-0.14;1.98;0.64;2.25;0.00;2.80;0.00;0.00;3.75;0.00;0.00;1.57;0.00;63.37;56.20;659.38;587.30
12.61;3.91;-0.08;2.08;0.71;2.01;-0.00;2.80;0.00;0.00;3.75;0.00;0.00;1.57;0.00;59.05;54.24;614.44;566.73
12.74;3.91;-0.07;2.18;0.66;2.01;0.00;2.80;0.00;0.00;3.75;0.00;0.00;1.57;0.00;56.51;51.70;588.07;540.25
12.88;3.52;-1.20;2.60;1.55;1.05;-0.00;2.80;0.00;0.00;3.75;0.00;0.00;1.57;0.00;15.45;21.15;160.75;220.95
13.01;3.32;-1.43;2.83;1.47;1.05;0.00;2.80;0.00;0.00;3.75;0.00;0.00;1.57;0.00;12.65;18.34;131.59;191.67
13.15;3.14;-1.04;3.07;1.51;1.05;0.00;2.80;0.00;0.00;3.75;0.00;0.00;1.57;0.00;9.07;14.77;94.38;154.30
13.28;3.00;-1.04;3.28;1.48;1.05;0.00;2.80;0.00;0.00;3.75;0.00;0.00;1.57;0.00;5.95;11.65;61.92;121.71
13.42;2.87;-1.01;3.47;1.53;0.92;-0.00;2.80;0.00;0.00;3.75;0.00;0.00;1.57;0.00;1.65;8.56;17.18;89.45
13.55;2.81;-0.95;3.57;1.30;0.94;0.00;2.80;0.00;0.00;3.75;0.00;0.00;1.57;0.00;0.76;7.46;7.88;77.94
13.69;2.68;-1.08;3.72;1.27;0.94;0.00;2.80;0.00;0.00;3.75;0.00;0.00;1.57;0.00;-0.72;5.99;-7.44;62.55
13.82;2.59;-0.88;3.85;1.08;0.96;0.00;2.80;0.00;0.00;3.75;0.00;0.00;1.57;0.00;-2.12;4.40;-22.04;46.02
13.96;2.89;0.32;3.64;0.04;0.96;0.00;2.80;0.00;0.00;3.75;0.00;0.00;1.57;0.00;-1.97;4.56;-20.45;47.62
14.09;3.03;0.59;3.42;-0.90;0.67;-0.00;2.80;0.00;0.00;3.75;0.00;0.00;1.57;0.00;-3.79;5.19;-39.41;54.27
14.22;3.43;1.31;2.47;-3.50;0.67;0.00;2.80;0.00;0.00;3.75;0.00;0.00;1.57;0.00;4.05;13.03;42.15;136.17
14.36;3.58;1.24;1.98;-3.29;0.38;-0.00;2.80;0.00;0.00;3.75;0.00;0.00;1.57;0.00;-7.33;3.28;-76.26;34.30
14.49;3.68;0.88;1.65;-2.59;0.38;0.00;2.80;0.00;0.00;3.75;0.00;0.00;1.57;0.00;-6.35;4.26;-66.05;44.56
14.63;3.76;0.80;1.77;-1.20;0.22;-0.00;2.80;0.00;0.00;3.75;0.00;0.00;1.57;0.00;-20.12;-8.96;-209.36;-93.60
14.76;3.85;0.81;1.75;-0.86;0.22;0.00;2.80;0.00;0.00;3.75;0.00;0.00;1.57;0.00;-22.73;-11.57;-236.57;-120.92
14.90;4.00;0.93;1.76;-0.87;6.25;0.00;2.80;0.00;0.00;3.75;0.00;0.00;1.57;0.00;-41.85;-30.43;-435.47;-317.94
15.03;4.12;0.93;1.65;-0.88;6.25;0.00;2.80;0.00;0.00;3.75;0.00;0.00;1.57;0.00;-45.53;-34.11;-473.76;-356.40
15.17;3.37;-2.07;2.78;2.88;6.25;0.00;2.80;0.00;0.00;3.75;0.00;0.00;1.57;0.00;-22.93;-11.51;-238.61;-120.26
15.30;3.07;-2.23;3.18;2.86;0.96;-0.00;2.80;0.00;0.00;3.75;0.00;0.00;1.57;0.00;5.64;12.22;58.66;127.74
15.44;2.97;-0.90;3.70;2.51;0.96;0.00;2.80;0.00;0.00;3.75;0.00;0.00;1.57;0.00;-4.92;1.67;-51.19;17.43
15.57;2.87;-0.89;3.99;2.34;0.94;-0.00;2.80;0.00;0.00;3.75;0.00;0.00;1.57;0.00;-9.95;-3.22;-103.53;-33.60
15.71;2.80;-1.03;3.74;0.77;0.94;0.00;2.80;0.00;0.00;3.75;0.00;0.00;1.57;0.00;-3.11;3.62;-32.37;37.85
15.84;2.67;-1.00;3.80;0.73;0.93;-0.00;2.80;0.00;0.00;3.75;0.00;0.00;1.57;0.00;-2.30;4.55;-23.90;47.54
15.97;2.55;-0.95;3.81;0.73;0.93;0.00;2.80;0.00;0.00;3.75;0.00;0.00;1.57;0.00;-0.64;6.21;-6.63;64.88
16.11;2.58;-0.41;3.79;0.33;0.93;-0.00;2.80;0.00;0.00;3.75;0.00;0.00;1.57;0.00;-0.55;6.31;-5.70;65.98
16.24;2.84;0.45;3.60;-0.29;0.93;0.00;2.80;0.00;0.00;3.75;0.00;0.00;1.57;0.00;-0.53;6.33;-5.51;66.17
16.38;2.88;0.16;3.56;-0.11;0.92;-0.00;2.80;0.00;0.00;3.75;0.00;0.00;1.57;0.00;-0.53;6.36;-5.51;66.50
16.51;2.87;0.00;3.57;-0.01;0.92;0.00;2.80;0.00;0.00;3.75;0.00;0.00;1.57;0.00;-0.46;6.43;-4.79;67.23
16.65;2.83;-0.06;3.59;0.02;0.92;-0.00;2.80;0.00;0.00;3.75;0.00;0.00;1.57;0.00;-0.38;6.53;-3.93;68.25
16.78;2.82;-0.08;3.59;0.03;0.92;0.00;2.80;0.00;0.00;3.75;0.00;0.00;1.57;0.00;-0.28;6.63;-2.90;69.28
16.92;2.83;-0.03;3.59;0.01;0.92;0.00;2.80;0.00;0.00;3.75;0.00;0.00;1.57;0.00;-0.33;6.58;-3.39;68.80
17.05;2.82;-0.05;3.59;0.01;0.92;0.00;2.80;0.00;0.00;3.75;0.00;0.00;1.57;0.00;-0.28;6.63;-2.96;69.23
17.18;2.83;-0.00;3.59;-0.01;0.92;0.00;2.80;0.00;0.00;3.75;0.00;0.00;1.57;0.00;-0.33;6.58;-3.40;68.79
17.32;2.83;0.00;3.59;-0.01;0.92;0.00;2.80;0.00;0.00;3.75;0.00;0.00;1.57;0.00;-0.28;6.61;-2.95;69.07
17.45;2.84;0.01;3.59;-0.01;0.92;0.00;2.80;0.00;0.00;3.75;0.00;0.00;1.57;0.00;-0.33;6.56;-3.43;68.59
17.59;2.84;0.01;3.58;-0.01;0.92;-0.00;2.80;0.00;0.00;3.75;0.00;0.00;1.57;0.00;-0.33;6.58;-3.47;68.72
17.72;2.84;0.03;3.58;-0.01;0.92;0.00;2.80;0.00;0.00;3.75;0.00;0.00;1.57;0.00;-0.39;6.52;-4.01;68.18
17.85;2.84;0.01;3.58;-0.01;0.92;0.00;2.80;0.00;0.00;3.75;0.00;0.00;1.57;0.00;-0.40;6.51;-4.19;68.00
17.99;2.84;-0.01;3.59;0.00;0.92;0.00;2.80;0.00;0.00;3.75;0.00;0.00;1.57;0.00;-0.34;6.57;-3.53;68.66
18.12;2.84;0.00;3.59;0.00;0.92;0.00;2.80;0.00;0.00;3.75;0.00;0.00;1.57;0.00;-0.37;6.54;-3.82;68.37
18.26;2.84;0.01;3.59;0.01;0.92;0.00;2.80;0.00;0.00;3.75;0.00;0.00;1.57;0.00;-0.45;6.46;-4.65;67.53
18.39;2.84;-0.01;3.59;0.00;0.92;0.00;2.80;0.00;0.00;3.75;0.00;0.00;1.57;0.00;-0.42;6.48;-4.33;67.69
18.53;2.84;-0.01;3.59;-0.00;0.92;0.00;2.80;0.00;0.00;3.75;0.00;0.00;1.57;0.00;-0.36;6.54;-3.73;68.29
18.66;2.84;0.01;3.59;0.01;0.92;0.00;2.80;0.00;0.00;3.75;0.00;0.00;1.57;0.00;-0.42;6.48;-4.33;67.69
18.79;2.84;0.01;3.59;0.01;0.92;0.00;2.80;0.00;0.00;3.75;0.00;0.00;1.57;0.00;-0.46;6.44;-4.74;67.27
18.93;2.84;-0.02;3.59;0.01;0.92;0.00;2.80;0.00;0.00;3.75;0.00;0.00;1.57;0.00;-0.43;6.47;-4.44;67.58
19.06;2.83;-0.02;3.59;0.01;0.92;0.00;2.80;0.00;0.00;3.75;0.00;0.00;1.57;0.00;-0.40;6.50;-4.14;67.88
19.20;2.83;0.00;3.59;-0.02;0.92;0.00;2.80;0.00;0.00;3.75;0.00;0.00;1.57;0.00;-0.30;6.60;-3.08;68.95
19.33;2.84;0.00;3.58;-0.03;0.92;0.00;2.80;0.00;0.00;3.75;0.00;0.00;1.57;0.00;-0.24;6.65;-2.54;69.48
19.47;2.83;-0.01;3.59;0.00;0.92;0.00;2.80;0.00;0.00;3.75;0.00;0.00;1.57;0.00;-0.30;6.60;-3.08;68.95
19.60;2.83;-0.01;3.59;0.00;0.92;0.00;2.80;0.00;0.00;3.75;0.00;0.00;1.57;0.00;-0.26;6.63;-2.72;69.31
19.74;2.83;-0.01;3.59;0.00;0.92;0.00;2.80;0.00;0.00;3.75;0.00;0.00;1.57;0.00;-0.27;6.63;-2.78;69.25
19.87;2.83;-0.00;3.59;-0.00;0.92;-0.00;2.80;0.00;0.00;3.75;0.00;0.00;1.57;0.00;-0.30;6.61;-3.10;69.09
20.00;2.84;0.03;3.59;0.00;0.92;0.00;2.80;0.00;0.00;3.75;0.00;0.00;1.57;0.00;-0.42;6.49;-4.36;67.82
20.14;2.84;-0.05;3.61;0.19;0.94;0.00;2.80;0.00;0.00;3.75;0.00;0.00;1.57;0.00;-0.77;5.96;-8.06;62.27
20.27;2.81;-0.20;3.67;0.41;0.94;0.00;2.80;0.00;0.00;3.75;0.00;0.00;1.57;0.00;-1.81;4.93;-18.81;51.47
20.41;2.82;-0.05;3.69;0.19;0.96;0.00;2.80;0.00;0.00;3.75;0.00;0.00;1.57;0.00;-2.04;4.50;-21.21;47.03
20.54;2.82;0.00;3.70;0.13;0.96;0.00;2.80;0.00;0.00;3.75;0.00;0.00;1.57;0.00;-2.35;4.18;-24.50;43.72
20.68;2.83;-0.00;3.69;0.12;0.98;0.00;2.80;0.00;0.00;3.75;0.00;0.00;1.57;0.00;-2.33;4.01;-24.25;41.90
20.81;2.84;-0.01;3.71;0.12;0.98;0.00;2.80;0.00;0.00;3.75;0.00;0.00;1.57;0.00;-2.70;3.64;-28.13;38.01
20.94;2.83;-0.02;3.72;0.13;0.98;0.00;2.80;0.00;0.00;3.75;0.00;0.00;1.57;0.00;-3.00;3.34;-31.18;34.95
21.08;2.84;0.04;3.73;0.05;1.07;0.00;2.80;0.00;0.00;3.75;0.00;0.00;1.57;0.00;-2.76;2.70;-28.68;28.18
21.21;3.30;1.67;3.31;-1.77;1.07;0.00;2.80;0.00;0.00;3.75;0.00;0.00;1.57;0.00;1.54;6.99;16.04;73.09
21.35;3.55;1.75;3.04;-1.99;1.20;0.00;2.80;0.00;0.00;3.75;0.00;0.00;1.57;0.00;8.95;13.14;93.16;137.32
21.48;3.63;1.06;3.03;-0.82;1.20;0.00;2.80;0.00;0.00;3.75;0.00;0.00;1.57;0.00;8.40;12.59;87.38;131.51
21.62;3.76;1.09;2.95;-0.76;1.76;0.00;2.80;0.00;0.00;3.75;0.00;0.00;1.57;0.00;28.76;26.62;299.32;278.19
21.75;3.83;0.98;2.94;-0.65;1.76;0.00;2.80;0.00;0.00;3.75;0.00;0.00;1.57;0.00;29.45;27.31;306.48;285.39
21.89;3.79;0.38;2.96;-0.28;1.34;-0.00;2.80;0.00;0.00;3.75;0.00;0.00;1.57;0.00;14.16;16.77;147.39;175.27
22.02;3.51;-0.51;3.15;0.25;1.34;0.00;2.80;0.00;0.00;3.75;0.00;0.00;1.57;0.00;10.78;13.39;112.20;139.94
22.16;3.44;-0.26;3.17;0.05;1.34;0.00;2.80;0.00;0.00;3.75;0.00;0.00;1.57;0.00;10.72;13.33;111.52;139.26
22.29;3.43;-0.11;3.15;-0.06;1.34;0.00;2.80;0.00;0.00;3.75;0.00;0.00;1.57;0.00;11.24;13.85;116.95;144.71
22.43;3.36;-0.55;3.12;-0.06;1.33;-0.00;2.80;0.00;0.00;3.75;0.00;0.00;1.57;0.00;12.20;14.92;126.92;155.94
22.56;3.28;-0.57;3.12;-0.13;1.33;0.00;2.80;0.00;0.00;3.75;0.00;0.00;1.57;0.00;12.98;15.71;135.12;164.17
22.70;3.22;-0.43;3.08;-0.12;1.33;0.00;2.80;0.00;0.00;3.75;0.00;0.00;1.57;0.00;14.25;16.98;148.32;177.43
22.83;3.16;-0.48;3.07;-0.14;3.73;0.00;2.80;0.00;0.00;3.75;0.00;0.00;1.57;0.00;2.67;-6.86;27.75;-71.72
22.97;3.53;1.01;2.69;-1.48;3.73;0.00;2.80;0.00;0.00;3.75;0.00;0.00;1.57;0.00;5.35;-4.18;55.63;-43.72
23.10;3.66;1.08;2.48;-1.68;3.24;-0.00;2.80;0.00;0.00;3.75;0.00;0.00;1.57;0.00;26.45;15.08;275.20;157.56
23.24;3.22;-1.01;2.76;0.18;3.24;0.00;2.80;0.00;0.00;3.75;0.00;0.00;1.57;0.00;14.68;3.32;152.80;34.65
23.37;3.07;-1.04;2.80;0.17;3.21;-0.00;2.80;0.00;0.00;3.75;0.00;0.00;1.57;0.00;11.51;0.12;119.82;1.20
23.50;2.99;-0.57;2.84;-0.11;3.21;0.00;2.80;0.00;0.00;3.75;0.00;0.00;1.57;0.00;9.14;-2.26;95.06;-23.66
23.64;2.93;-0.53;2.82;-0.10;3.11;-0.00;2.80;0.00;0.00;3.75;0.00;0.00;1.57;0.00;10.32;-1.11;107.35;-11.56
23.77;2.91;-0.44;2.80;-0.09;3.11;0.00;2.80;0.00;0.00;3.75;0.00;0.00;1.57;0.00;9.76;-1.66;101.55;-17.39
23.91;2.86;-0.41;2.80;-0.10;2.81;-0.00;2.80;0.00;0.00;3.75;0.00;0.00;1.57;0.00;15.87;5.05;165.13;52.77
24.04;2.81;-0.42;2.80;-0.09;2.81;0.00;2.80;0.00;0.00;3.75;0.00;0.00;1.57;0.00;14.55;3.74;151.45;39.03
24.18;2.78;-0.38;2.82;0.06;2.30;-0.00;2.80;0.00;0.00;3.75;0.00;0.00;1.57;0.00;23.12;15.47;240.60;161.70
24.31;2.72;-0.58;2.83;-0.07;2.30;0.00;2.80;0.00;0.00;3.75;0.00;0.00;1.57;0.00;21.76;14.12;226.48;147.52
24.45;2.71;-0.40;2.87;0.15;1.82;-0.00;2.80;0.00;0.00;3.75;0.00;0.00;1.57;0.00;25.03;22.16;260.41;231.60
24.58;2.66;-0.37;2.90;0.22;1.82;0.00;2.80;0.00;0.00;3.75;0.00;0.00;1.57;0.00;23.87;21.01;248.42;219.55
24.72;2.75;0.07;2.96;0.26;1.82;0.00;2.80;0.00;0.00;3.75;0.00;0.00;1.57;0.00;23.03;20.17;239.65;210.75
24.85;2.77;0.11;3.00;0.30;1.13;-0.00;2.80;0.00;0.00;3.75;0.00;0.00;1.57;0.00;17.42;22.29;181.32;232.92
24.99;2.84;0.27;3.07;0.46;1.13;0.00;2.80;0.00;0.00;3.75;0.00;0.00;1.57;0.00;14.76;19.63;153.62;205.11
25.12;2.88;0.29;3.12;0.41;0.95;-0.00;2.80;0.00;0.00;3.75;0.00;0.00;1.57;0.00;9.86;16.53;102.63;172.75
25.25;2.95;0.41;3.16;0.38;0.95;0.00;2.80;0.00;0.00;3.75;0.00;0.00;1.57;0.00;7.79;14.46;81.07;151.10
25.39;3.01;0.46;3.21;0.37;0.89;-0.00;2.80;0.00;0.00;3.75;0.00;0.00;1.57;0.00;4.53;11.75;47.14;122.82
25.52;3.07;0.49;3.28;0.47;0.89;0.00;2.80;0.00;0.00;3.75;0.00;0.00;1.57;0.00;1.93;9.15;20.07;95.63
25.66;3.13;0.48;3.36;0.61;0.97;0.00;2.80;0.00;0.00;3.75;0.00;0.00;1.57;0.00;0.61;7.12;6.36;74.37
25.79;3.14;0.27;3.44;0.66;0.97;0.00;2.80;0.00;0.00;3.75;0.00;0.00;1.57;0.00;-1.49;5.01;-15.55;52.37
25.93;3.15;0.22;3.49;0.52;1.16;0.00;2.80;0.00;0.00;3.75;0.00;0.00;1.57;0.00;0.46;5.07;4.80;53.01
26.06;3.17;0.24;3.52;0.39;1.16;0.00;2.80;0.00;0.00;3.75;0.00;0.00;1.57;0.00;-0.70;3.91;-7.27;40.89
26.19;3.20;0.24;3.55;0.32;1.17;0.00;2.80;0.00;0.00;3.75;0.00;0.00;1.57;0.00;-1.39;3.11;-14.45;32.54
26.33;3.23;0.25;3.59;0.32;1.17;0.00;2.80;0.00;0.00;3.75;0.00;0.00;1.57;0.00;-2.87;1.63;-29.91;17.01
26.46;3.19;-0.01;3.54;0.02;1.79;0.00;2.80;0.00;0.00;3.75;0.00;0.00;1.57;0.00;9.59;7.10;99.81;74.17
26.60;3.18;-0.02;3.53;0.00;1.79;0.00;2.80;0.00;0.00;3.75;0.00;0.00;1.57;0.00;9.64;7.14;100.29;74.66
26.73;3.18;0.14;3.56;0.27;1.85;0.00;2.80;0.00;0.00;3.75;0.00;0.00;1.57;0.00;9.68;6.57;100.77;68.68
26.87;3.21;0.20;3.61;0.37;1.90;0.00;2.80;0.00;0.00;3.75;0.00;0.00;1.57;0.00;9.48;5.80;98.69;60.61
27.00;3.19;0.00;3.57;0.00;1.90;0.00;2.80;0.00;0.00;3.75;0.00;0.00;1.57;0.00;10.37;6.69;107.94;69.90
27.14;3.19;-0.03;3.56;-0.14;1.37;-0.00;2.80;0.00;0.00;3.75;0.00;0.00;1.57;0.00;2.06;4.36;21.47;45.57
27.27;3.16;-0.15;3.42;-0.90;1.37;0.00;2.80;0.00;0.00;3.75;0.00;0.00;1.57;0.00;6.04;8.33;62.80;87.08
27.40;3.14;-0.14;3.32;-0.85;1.13;-0.00;2.80;0.00;0.00;3.75;0.00;0.00;1.57;0.00;4.52;9.40;46.98;98.22
27.54;3.15;-0.03;3.45;0.04;1.13;0.00;2.80;0.00;0.00;3.75;0.00;0.00;1.57;0.00;0.98;5.87;10.22;61.30
27.67;3.16;0.03;3.51;0.12;0.89;-0.00;2.80;0.00;0.00;3.75;0.00;0.00;1.57;0.00;-4.88;2.31;-50.81;24.13
27.81;3.19;0.09;3.58;0.17;0.89;0.00;2.80;0.00;0.00;3.75;0.00;0.00;1.57;0.00;-6.70;0.50;-69.67;5.19
27.94;3.19;0.05;3.60;0.15;0.71;-0.00;2.80;0.00;0.00;3.75;0.00;0.00;1.57;0.00;-9.96;-1.28;-103.65;-13.41
28.08;3.19;0.04;3.61;0.16;0.71;0.00;2.80;0.00;0.00;3.75;0.00;0.00;1.57;0.00;-10.34;-1.66;-107.58;-17.36
28.21;3.20;0.02;3.65;0.15;0.84;0.00;2.80;0.00;0.00;3.75;0.00;0.00;1.57;0.00;-9.19;-1.61;-95.66;-16.77
28.34;3.20;0.01;3.67;0.11;0.84;0.00;2.80;0.00;0.00;3.75;0.00;0.00;1.57;0.00;-9.62;-2.03;-100.06;-21.19
28.48;3.20;0.03;3.65;0.01;0.80;-0.00;2.80;0.00;0.00;3.75;0.00;0.00;1.57;0.00;-9.83;-1.89;-102.32;-19.79
28.61;3.20;0.03;3.65;0.01;0.82;0.00;2.80;0.00;0.00;3.75;0.00;0.00;1.57;0.00;-9.61;-1.84;-99.98;-19.26
28.75;3.19;-0.04;3.63;-0.06;0.82;0.00;2.80;0.00;0.00;3.75;0.00;0.00;1.57;0.00;-9.04;-1.27;-94.03;-13.28
28.88;3.19;-0.05;3.62;-0.07;0.83;0.00;2.80;0.00;0.00;3.75;0.00;0.00;1.57;0.00;-8.62;-0.93;-89.73;-9.73
29.02;3.19;0.01;3.63;0.00;0.83;0.00;2.80;0.00;0.00;3.75;0.00;0.00;1.57;0.00;-8.89;-1.19;-92.47;-12.48
29.15;3.20;0.00;3.63;0.00;0.81;-0.00;2.80;0.00;0.00;3.75;0.00;0.00;1.57;0.00;-9.31;-1.40;-96.90;-14.65
29.28;3.19;-0.03;3.63;-0.01;0.81;0.00;2.80;0.00;0.00;3.75;0.00;0.00;1.57;0.00;-9.25;-1.34;-96.30;-14.04
29.42;3.19;-0.03;3.63;-0.01;0.80;-0.00;2.80;0.00;0.00;3.75;0.00;0.00;1.57;0.00;-9.20;-1.27;-95.78;-13.23
29.55;3.19;0.00;3.63;0.01;0.80;0.00;2.80;0.00;0.00;3.75;0.00;0.00;1.57;0.00;-9.35;-1.41;-97.25;-14.70
29.69;3.19;-0.01;3.64;0.02;0.81;0.00;2.80;0.00;0.00;3.75;0.00;0.00;1.57;0.00;-9.36;-1.45;-97.37;-15.12
29.82;3.19;-0.03;3.64;0.02;0.81;0.00;2.80;0.00;0.00;3.75;0.00;0.00;1.57;0.00;-9.36;-1.45;-97.39;-15.15
29.96;3.19;-0.02;3.64;0.00;0.79;-0.00;2.80;0.00;0.00;3.75;0.00;0.00;1.57;0.00;-9.59;-1.52;-99.81;-15.93
30.09;3.19;-0.02;3.64;-0.00;0.79;0.00;2.80;0.00;0.00;3.75;0.00;0.00;1.57;0.00;-9.55;-1.48;-99.39;-15.51
30.22;3.19;0.00;3.64;-0.01;0.80;0.00;2.80;0.00;0.00;3.75;0.00;0.00;1.57;0.00;-9.43;-1.43;-98.09;-14.95
30.36;3.19;0.00;3.63;-0.01;0.80;0.00;2.80;0.00;0.00;3.75;0.00;0.00;1.57;0.00;-9.41;-1.41;-97.88;-14.73
30.49;3.19;0.01;3.64;0.01;0.80;0.00;2.80;0.00;0.00;3.75;0.00;0.00;1.57;0.00;-9.51;-1.51;-98.93;-15.79
30.63;3.19;0.01;3.64;0.01;0.80;0.00;2.80;0.00;0.00;3.75;0.00;0.00;1.57;0.00;-9.46;-1.54;-98.46;-16.07
30.76;3.20;0.02;3.64;0.01;0.80;0.00;2.80;0.00;0.00;3.75;0.00;0.00;1.57;0.00;-9.52;-1.60;-99.09;-16.70
30.90;3.20;0.02;3.64;0.01;0.80;-0.00;2.80;0.00;0.00;3.75;0.00;0.00;1.57;0.00;-9.73;-1.73;-101.24;-18.10
31.03;3.19;-0.02;3.64;-0.01;0.80;0.00;2.80;0.00;0.00;3.75;0.00;0.00;1.57;0.00;-9.49;-1.49;-98.72;-15.58
31.17;3.19;-0.02;3.63;-0.01;0.82;0.00;2.80;0.00;0.00;3.75;0.00;0.00;1.57;0.00;-9.03;-1.24;-94.00;-12.95
31.30;3.19;0.02;3.64;0.01;0.82;0.00;2.80;0.00;0.00;3.75;0.00;0.00;1.57;0.00;-9.21;-1.42;-95.87;-14.83
31.43;3.20;0.01;3.64;0.00;0.81;-0.00;2.80;0.00;0.00;3.75;0.00;0.00;1.57;0.00;-9.38;-1.52;-97.56;-15.91
31.57;3.19;-0.01;3.63;-0.02;0.81;0.00;2.80;0.00;0.00;3.75;0.00;0.00;1.57;0.00;-9.19;-1.34;-95.66;-14.01
31.70;3.19;-0.01;3.63;-0.02;0.80;-0.00;2.80;0.00;0.00;3.75;0.00;0.00;1.57;0.00;-9.31;-1.36;-96.87;-14.17
31.84;3.19;0.00;3.63;-0.01;0.80;0.00;2.80;0.00;0.00;3.75;0.00;0.00;1.57;0.00;-9.31;-1.36;-96.87;-14.17
31.97;3.19;0.00;3.63;-0.00;0.82;0.00;2.80;0.00;0.00;3.75;0.00;0.00;1.57;0.00;-9.09;-1.30;-94.60;-13.55
32.11;3.19;0.00;3.63;-0.01;0.82;0.00;2.80;0.00;0.00;3.75;0.00;0.00;1.57;0.00;-9.11;-1.32;-94.80;-13.75
32.24;3.19;-0.01;3.63;-0.00;0.80;-0.00;2.80;0.00;0.00;3.75;0.00;0.00;1.57;0.00;-9.37;-1.42;-97.51;-14.81
32.37;3.19;-0.01;3.63;0.00;0.80;0.00;2.80;0.00;0.00;3.75;0.00;0.00;1.57;0.00;-9.33;-1.38;-97.10;-14.40
32.51;3.19;-0.00;3.63;0.00;0.80;0.00;2.80;0.00;0.00;3.75;0.00;0.00;1.57;0.00;-9.35;-1.40;-97.31;-14.61
32.64;3.19;-0.00;3.63;0.00;0.82;0.00;2.80;0.00;0.00;3.75;0.00;0.00;1.57;0.00;-9.02;-1.26;-93.88;-13.13
32.78;3.20;0.02;3.64;0.01;0.82;0.00;2.80;0.00;0.00;3.75;0.00;0.00;1.57;0.00;-9.16;-1.40;-95.32;-14.58
32.91;3.20;0.03;3.64;0.01;0.83;0.00;2.80;0.00;0.00;3.75;0.00;0.00;1.57;0.00;-9.24;-1.48;-96.10;-15.51
33.04;3.20;0.01;3.63;-0.01;0.83;0.00;2.80;0.00;0.00;3.75;0.00;0.00;1.57;0.00;-9.13;-1.38;-95.02;-14.43
33.18;3.20;0.01;3.63;-0.02;0.83;0.00;2.80;0.00;0.00;3.75;0.00;0.00;1.57;0.00;-9.06;-1.34;-94.25;-13.96
33.31;3.20;0.01;3.63;-0.01;0.83;0.00;2.80;0.00;0.00;3.75;0.00;0.00;1.57;0.00;-9.02;-1.30;-93.83;-13.54
33.45;3.20;0.02;3.63;0.00;0.84;0.00;2.80;0.00;0.00;3.75;0.00;0.00;1.57;0.00;-8.92;-1.29;-92.82;-13.46
33.58;3.20;0.04;3.64;0.03;0.84;0.00;2.80;0.00;0.00;3.75;0.00;0.00;1.57;0.00;-9.14;-1.51;-95.14;-15.79
33.72;3.20;-0.02;3.64;-0.00;0.83;-0.00;2.80;0.00;0.00;3.75;0.00;0.00;1.57;0.00;-9.23;-1.48;-96.08;-15.50
33.85;3.19;-0.06;3.63;-0.03;0.83;0.00;2.80;0.00;0.00;3.75;0.00;0.00;1.57;0.00;-8.93;-1.18;-92.97;-12.38
33.98;3.19;-0.00;3.63;0.00;0.82;-0.00;2.80;0.00;0.00;3.75;0.00;0.00;1.57;0.00;-9.05;-1.26;-94.19;-13.14
34.12;3.19;0.02;3.64;0.02;0.82;0.00;2.80;0.00;0.00;3.75;0.00;0.00;1.57;0.00;-9.17;-1.38;-95.45;-14.41
34.25;3.20;0.00;3.64;0.01;0.83;0.00;2.80;0.00;0.00;3.75;0.00;0.00;1.57;0.00;-9.12;-1.41;-94.89;-14.77
34.39;3.20;0.00;3.64;0.01;0.83;0.00;2.80;0.00;0.00;3.75;0.00;0.00;1.57;0.00;-9.16;-1.46;-95.33;-15.21
34.52;3.20;0.03;3.64;0.01;0.84;0.00;2.80;0.00;0.00;3.75;0.00;0.00;1.57;0.00;-9.09;-1.46;-94.57;-15.21
34.65;3.20;0.04;3.64;0.01;0.85;0.00;2.80;0.00;0.00;3.75;0.00;0.00;1.57;0.00;-9.08;-1.51;-94.50;-15.76
34.79;3.21;0.04;3.64;0.01;0.85;0.00;2.80;0.00;0.00;3.75;0.00;0.00;1.57;0.00;-9.12;-1.55;-94.89;-16.16
34.92;3.21;0.04;3.64;0.01;0.84;-0.00;2.80;0.00;0.00;3.75;0.00;0.00;1.57;0.00;-9.34;-1.71;-97.20;-17.85
35.06;3.20;-0.02;3.64;-0.02;0.84;0.00;2.80;0.00;0.00;3.75;0.00;0.00;1.57;0.00;-9.02;-1.39;-93.88;-14.52
35.19;3.20;-0.01;3.63;-0.02;0.83;-0.00;2.80;0.00;0.00;3.75;0.00;0.00;1.57;0.00;-9.15;-1.40;-95.21;-14.62
35.33;3.21;0.03;3.64;0.00;0.83;0.00;2.80;0.00;0.00;3.75;0.00;0.00;1.57;0.00;-9.31;-1.56;-96.85;-16.27
35.46;3.21;0.01;3.64;0.00;0.83;0.00;2.80;0.00;0.00;3.75;0.00;0.00;1.57;0.00;-9.33;-1.58;-97.06;-16.48
35.59;3.20;-0.03;3.63;-0.01;0.83;0.00;2.80;0.00;0.00;3.75;0.00;0.00;1.57;0.00;-9.15;-1.40;-95.23;-14.64
35.73;3.20;-0.01;3.63;-0.01;0.82;-0.00;2.80;0.00;0.00;3.75;0.00;0.00;1.57;0.00;-9.14;-1.37;-95.09;-14.35
35.86;3.20;0.00;3.63;-0.01;0.82;0.00;2.80;0.00;0.00;3.75;0.00;0.00;1.57;0.00;-9.12;-1.35;-94.86;-14.11
36.00;3.20;-0.02;3.63;-0.00;0.81;-0.00;2.80;0.00;0.00;3.75;0.00;0.00;1.57;0.00;-9.29;-1.44;-96.68;-15.03
36.13;3.19;-0.03;3.63;0.00;0.81;0.00;2.80;0.00;0.00;3.75;0.00;0.00;1.57;0.00;-9.25;-1.40;-96.28;-14.63
36.26;3.19;-0.01;3.63;0.00;0.80;-0.00;2.80;0.00;0.00;3.75;0.00;0.00;1.57;0.00;-9.43;-1.48;-98.13;-15.44
36.40;3.19;-0.01;3.63;0.00;0.80;0.00;2.80;0.00;0.00;3.75;0.00;0.00;1.57;0.00;-9.39;-1.44;-97.72;-15.02
36.53;3.19;-0.01;3.63;0.00;0.80;0.00;2.80;0.00;0.00;3.75;0.00;0.00;1.57;0.00;-9.43;-1.48;-98.13;-15.44
36.67;3.19;-0.01;3.63;0.00;0.82;0.00;2.80;0.00;0.00;3.75;0.00;0.00;1.57;0.00;-9.11;-1.32;-94.81;-13.77
36.80;3.20;0.02;3.63;0.00;0.82;0.00;2.80;0.00;0.00;3.75;0.00;0.00;1.57;0.00;-9.23;-1.43;-96.03;-14.99
36.94;3.20;0.03;3.64;0.00;0.86;0.00;2.80;0.00;0.00;3.75;0.00;0.00;1.57;0.00;-8.77;-1.30;-91.26;-13.61
37.07;3.21;0.07;3.64;0.02;0.86;0.00;2.80;0.00;0.00;3.75;0.00;0.00;1.57;0.00;-9.00;-1.54;-93.69;-16.04
37.20;3.22;0.07;3.64;0.02;0.86;-0.00;2.80;0.00;0.00;3.75;0.00;0.00;1.57;0.00;-9.22;-1.74;-95.97;-18.18
37.34;3.21;0.01;3.64;0.00;0.86;0.00;2.80;0.00;0.00;3.75;0.00;0.00;1.57;0.00;-9.01;-1.53;-93.77;-15.97
37.47;3.21;0.02;3.64;0.01;0.89;0.00;2.80;0.00;0.00;3.75;0.00;0.00;1.57;0.00;-8.57;-1.35;-89.20;-14.09
37.61;3.22;0.05;3.64;0.03;0.89;0.00;2.80;0.00;0.00;3.75;0.00;0.00;1.57;0.00;-8.71;-1.49;-90.68;-15.58
37.74;3.22;0.03;3.64;0.00;0.90;0.00;2.80;0.00;0.00;3.75;0.00;0.00;1.57;0.00;-8.48;-1.40;-88.26;-14.61
37.87;3.22;0.02;3.64;-0.01;0.90;0.00;2.80;0.00;0.00;3.75;0.00;0.00;1.57;0.00;-8.39;-1.31;-87.33;-13.68
38.01;3.21;-0.05;3.64;-0.00;0.86;-0.00;2.80;0.00;0.00;3.75;0.00;0.00;1.57;0.00;-8.83;-1.36;-91.88;-14.23
38.15;3.20;-0.07;3.64;0.00;0.86;0.00;2.80;0.00;0.00;3.75;0.00;0.00;1.57;0.00;-8.66;-1.20;-90.16;-12.50
38.28;3.20;-0.03;3.64;-0.00;0.85;-0.00;2.80;0.00;0.00;3.75;0.00;0.00;1.57;0.00;-8.74;-1.23;-90.97;-12.85
38.41;3.19;-0.04;3.64;-0.00;0.82;-0.00;2.80;0.00;0.00;3.75;0.00;0.00;1.57;0.00;-9.15;-1.36;-95.26;-14.22
38.55;3.19;-0.05;3.63;-0.02;0.82;0.00;2.80;0.00;0.00;3.75;0.00;0.00;1.57;0.00;-9.09;-1.30;-94.61;-13.56
38.68;3.18;-0.06;3.63;-0.03;0.80;-0.00;2.80;0.00;0.00;3.75;0.00;0.00;1.57;0.00;-9.15;-1.19;-95.26;-12.41
38.82;3.19;-0.04;3.63;0.00;0.80;0.00;2.80;0.00;0.00;3.75;0.00;0.00;1.57;0.00;-9.26;-1.29;-96.32;-13.46
38.95;3.18;-0.04;3.63;0.00;0.82;0.00;2.80;0.00;0.00;3.75;0.00;0.00;1.57;0.00;-8.97;-1.13;-93.37;-11.86
39.09;3.19;-0.01;3.64;0.01;0.82;0.00;2.80;0.00;0.00;3.75;0.00;0.00;1.57;0.00;-9.19;-1.35;-95.66;-14.16
39.22;3.19;0.00;3.64;0.01;0.83;0.00;2.80;0.00;0.00;3.75;0.00;0.00;1.57;0.00;-9.01;-1.30;-93.71;-13.58
39.35;3.20;0.03;3.64;-0.00;0.83;0.00;2.80;0.00;0.00;3.75;0.00;0.00;1.57;0.00;-9.14;-1.43;-95.08;-14.95
39.49;3.20;0.04;3.64;-0.00;0.84;0.00;2.80;0.00;0.00;3.75;0.00;0.00;1.57;0.00;-9.04;-1.42;-94.03;-14.82
39.62;3.21;0.04;3.64;-0.00;0.84;0.00;2.80;0.00;0.00;3.75;0.00;0.00;1.57;0.00;-9.09;-1.48;-94.62;-15.42
39.76;3.21;0.03;3.64;-0.00;0.86;0.00;2.80;0.00;0.00;3.75;0.00;0.00;1.57;0.00;-8.83;-1.36;-91.88;-14.23
39.89;3.21;0.03;3.64;-0.00;0.86;0.00;2.80;0.00;0.00;3.75;0.00;0.00;1.57;0.00;-8.85;-1.38;-92.07;-14.42
40.03;3.21;0.02;3.64;-0.01;0.87;0.00;2.80;0.00;0.00;3.75;0.00;0.00;1.57;0.00;-8.65;-1.27;-89.99;-13.28
40.16;3.21;0.03;3.63;-0.01;0.87;0.00;2.80;0.00;0.00;3.75;0.00;0.00;1.57;0.00;-8.64;-1.26;-89.91;-13.21
40.29;3.20;0.00;3.63;-0.01;0.87;0.00;2.80;0.00;0.00;3.75;0.00;0.00;1.57;0.00;-8.57;-1.19;-89.15;-12.44
40.43;3.20;-0.00;3.63;-0.01;0.84;-0.00;2.80;0.00;0.00;3.75;0.00;0.00;1.57;0.00;-8.90;-1.31;-92.57;-13.67
40.56;3.19;-0.05;3.63;-0.02;0.84;0.00;2.80;0.00;0.00;3.75;0.00;0.00;1.57;0.00;-8.70;-1.12;-90.57;-11.66
40.70;3.19;-0.06;3.63;-0.03;0.82;-0.00;2.80;0.00;0.00;3.75;0.00;0.00;1.57;0.00;-8.82;-1.05;-91.74;-10.99
40.83;3.19;-0.02;3.63;0.00;0.82;0.00;2.80;0.00;0.00;3.75;0.00;0.00;1.57;0.00;-8.96;-1.19;-93.22;-12.47
40.97;3.19;-0.02;3.63;0.00;0.82;-0.00;2.80;0.00;0.00;3.75;0.00;0.00;1.57;0.00;-8.97;-1.18;-93.35;-12.30
41.10;3.19;-0.00;3.63;-0.00;0.82;0.00;2.80;0.00;0.00;3.75;0.00;0.00;1.57;0.00;-9.11;-1.31;-94.78;-13.74
41.24;3.19;-0.00;3.63;0.00;0.80;-0.00;2.80;0.00;0.00;3.75;0.00;0.00;1.57;0.00;-9.47;-1.47;-98.50;-15.35
41.37;3.19;-0.01;3.63;0.00;0.80;0.00;2.80;0.00;0.00;3.75;0.00;0.00;1.57;0.00;-9.45;-1.45;-98.29;-15.14
4