=~=~=~=~=~=~=~=~=~=~=~= PuTTY log 2024.07.18 17:05:53 =~=~=~=~=~=~=~=~=~=~=~=
0.13;1.89;0.00;0.37;-0.00;1.06;0.00;0.00;0.00;0.00;0.00;0.00;0.00;0.00;0.00;0.00;0.00;-23.16;-15.82
0.26;1.88;-0.01;0.37;0.01;1.06;0.00;0.00;0.00;0.00;0.00;0.00;0.00;0.00;0.00;0.00;0.00;-23.16;-15.82
0.40;1.88;-0.01;0.37;0.01;1.05;-0.00;0.00;0.00;0.00;0.00;0.00;0.00;0.00;0.00;0.00;0.00;-23.16;-15.82
0.53;1.88;-0.01;0.37;0.01;1.05;0.00;0.00;0.00;0.00;0.00;0.00;0.00;0.00;0.00;0.00;0.00;-23.16;-15.82
0.66;1.88;-0.00;0.37;0.00;1.06;0.00;0.00;0.00;0.00;0.00;0.00;0.00;0.00;0.00;0.00;0.00;-23.16;-15.82
0.80;1.89;0.00;0.37;0.00;1.06;0.00;0.00;0.00;0.00;0.00;0.00;0.00;0.00;0.00;0.00;0.00;-23.16;-15.82
0.93;1.89;0.00;0.37;0.00;1.06;0.00;0.00;0.00;0.00;0.00;0.00;0.00;0.00;0.00;0.00;0.00;-23.16;-15.82
1.06;1.89;0.00;0.37;0.00;1.06;0.00;0.00;0.00;0.00;0.00;0.00;0.00;0.00;0.00;0.00;0.00;-23.16;-15.82
1.20;1.89;0.00;0.37;0.00;1.06;0.00;0.00;0.00;0.00;0.00;0.00;0.00;0.00;0.00;0.00;0.00;-23.16;-15.82
1.33;1.89;0.00;0.37;0.00;1.06;0.00;0.00;0.00;0.00;0.00;0.00;0.00;0.00;0.00;0.00;0.00;-23.16;-15.82
1.47;1.88;-0.01;0.37;0.00;1.06;0.00;0.00;0.00;0.00;0.00;0.00;0.00;0.00;0.00;0.00;0.00;-23.16;-15.82
1.60;1.88;-0.01;0.37;-0.00;1.05;-0.00;0.00;0.00;0.00;0.00;0.00;0.00;0.00;0.00;0.00;0.00;-23.16;-15.82
1.73;1.89;0.01;0.37;0.00;1.05;0.00;0.00;0.00;0.00;0.00;0.00;0.00;0.00;0.00;0.00;0.00;-23.16;-15.82
1.87;1.89;0.01;0.37;0.00;1.05;0.00;0.00;0.00;0.00;0.00;0.00;0.00;0.00;0.00;0.00;0.00;-23.16;-15.82
2.00;1.88;-0.01;0.37;-0.00;1.05;0.00;0.00;0.00;0.00;0.00;0.00;0.00;0.00;0.00;0.00;0.00;-23.16;-15.82
2.14;1.88;-0.01;0.37;-0.00;1.05;-0.00;0.00;0.00;0.00;0.00;0.00;0.00;0.00;0.00;0.00;0.00;-23.16;-15.82
2.27;1.89;0.01;0.37;0.00;1.05;0.00;0.00;0.00;0.00;0.00;0.00;0.00;0.00;0.00;0.00;0.00;-23.16;-15.82
2.40;1.89;0.01;0.37;-0.00;1.05;0.00;0.00;0.00;0.00;0.00;0.00;0.00;0.00;0.00;0.00;0.00;-23.16;-15.82
2.54;1.89;0.00;0.37;-0.01;1.05;0.00;0.00;0.00;0.00;0.00;0.00;0.00;0.00;0.00;0.00;0.00;-23.16;-15.82
2.67;1.89;0.00;0.37;-0.01;1.05;-0.00;0.00;0.00;0.00;0.00;0.00;0.00;0.00;0.00;0.00;0.00;-23.16;-15.82
2.80;1.89;0.00;0.37;-0.01;1.05;0.00;0.00;0.00;0.00;0.00;0.00;0.00;0.00;0.00;0.00;0.00;-23.16;-15.82
2.94;1.88;-0.01;0.37;0.01;1.05;-0.00;0.00;0.00;0.00;0.00;0.00;0.00;0.00;0.00;0.00;0.00;-23.16;-15.82
3.07;1.88;-0.01;0.37;0.01;1.05;0.00;0.00;0.00;0.00;0.00;0.00;0.00;0.00;0.00;0.00;0.00;-23.16;-15.82
3.21;1.89;0.01;0.37;0.00;1.05;0.00;0.00;0.00;0.00;0.00;0.00;0.00;0.00;0.00;0.00;0.00;-23.16;-15.82
3.34;1.89;0.01;0.37;-0.00;1.05;0.00;0.00;0.00;0.00;0.00;0.00;0.00;0.00;0.00;0.00;0.00;-23.16;-15.82
3.47;1.89;-0.00;0.37;-0.01;1.05;0.00;0.00;0.00;0.00;0.00;0.00;0.00;0.00;0.00;0.00;0.00;-23.16;-15.82
3.61;1.89;-0.00;0.37;-0.01;1.05;-0.00;0.00;0.00;0.00;0.00;0.00;0.00;0.00;0.00;0.00;0.00;-23.16;-15.82
3.74;1.89;0.00;0.37;0.01;1.05;0.00;0.00;0.00;0.00;0.00;0.00;0.00;0.00;0.00;0.00;0.00;-23.16;-15.82
3.87;1.89;0.00;0.37;0.01;1.05;0.00;0.00;0.00;0.00;0.00;0.00;0.00;0.00;0.00;0.00;0.00;-23.16;-15.82
4.01;1.89;0.00;0.37;0.00;1.05;0.00;2.80;0.00;0.00;0.30;0.00;0.00;1.57;0.00;6.47;14.78;74.13;207.42
4.14;1.89;-0.00;0.37;0.00;1.05;0.00;2.80;0.00;0.00;0.37;0.00;0.00;1.57;0.00;8.01;16.29;97.23;230.24
4.28;1.88;-0.02;0.37;0.01;1.05;0.00;2.80;0.00;0.00;0.44;0.00;0.00;1.57;0.00;9.57;17.86;120.80;253.91
4.41;1.88;-0.01;0.37;0.01;1.05;0.00;2.80;0.00;0.00;0.51;0.00;0.00;1.57;0.00;11.10;19.39;143.82;277.03
4.55;1.88;-0.01;0.37;0.01;1.07;0.00;2.80;0.00;0.00;0.57;0.00;0.00;1.57;0.00;12.39;20.37;163.12;291.82
4.68;1.88;-0.01;0.39;0.18;1.14;0.00;2.80;0.00;0.00;0.64;0.00;0.00;1.57;0.00;12.86;19.88;170.20;284.42
4.82;1.88;-0.02;0.41;0.18;1.14;0.00;2.80;0.00;0.00;0.71;0.00;0.00;1.57;0.00;13.90;20.91;185.80;300.09
4.95;1.87;-0.06;0.42;0.12;1.28;0.00;2.80;0.00;0.00;0.78;0.00;0.00;1.57;0.00;13.87;18.71;185.37;266.85
5.09;1.86;-0.04;0.43;0.08;1.28;0.00;2.80;0.00;0.00;0.84;0.00;0.00;1.57;0.00;15.36;20.21;207.87;289.45
5.22;1.85;-0.13;0.45;0.21;1.40;0.00;2.80;0.00;0.00;0.91;0.00;0.00;1.57;0.00;14.93;17.68;201.36;251.27
5.36;1.83;-0.10;0.47;0.13;1.56;0.00;2.80;0.00;0.00;0.98;0.00;0.00;1.57;0.00;13.67;13.93;182.44;194.67
5.49;1.82;-0.15;0.50;0.21;1.56;0.00;2.80;0.00;0.00;1.04;0.00;0.00;1.57;0.00;14.81;15.07;199.58;211.89
5.62;1.79;-0.20;0.54;0.41;1.71;0.00;2.80;0.00;0.00;1.11;0.00;0.00;1.57;0.00;12.51;10.25;164.99;139.02
5.76;1.77;-0.24;0.60;0.44;1.71;0.00;2.80;0.00;0.00;1.18;0.00;0.00;1.57;0.00;12.84;10.58;169.90;143.95
5.90;1.73;-0.27;0.66;0.55;1.86;0.00;2.80;0.00;0.00;1.25;0.00;0.00;1.57;0.00;9.28;4.60;116.39;53.70
6.03;1.72;-0.21;0.66;0.32;1.86;0.00;2.80;0.00;0.00;1.31;0.00;0.00;1.57;0.00;10.91;6.23;140.94;78.36
6.16;1.70;-0.23;0.70;0.31;1.97;0.00;2.80;0.00;0.00;1.38;0.00;0.00;1.57;0.00;8.42;1.89;103.53;12.67
6.30;1.67;-0.22;0.73;0.32;1.97;0.00;2.80;0.00;0.00;1.45;0.00;0.00;1.57;0.00;9.17;2.63;114.72;23.91
6.43;1.65;-0.18;0.77;0.35;2.05;0.00;2.80;0.00;0.00;1.52;0.00;0.00;1.57;0.00;7.56;-0.06;90.46;-16.76
6.57;1.63;-0.15;0.81;0.35;2.05;0.00;2.80;0.00;0.00;1.58;0.00;0.00;1.57;0.00;7.95;0.34;96.45;-10.74
6.70;1.61;-0.17;0.85;0.31;2.02;-0.00;2.80;0.00;0.00;1.65;0.00;0.00;1.57;0.00;9.29;2.11;116.52;16.10
6.84;1.59;-0.20;0.88;0.30;2.02;0.00;2.80;0.00;0.00;1.72;0.00;0.00;1.57;0.00;9.69;2.51;122.52;22.14
6.97;1.57;-0.18;0.92;0.30;1.92;-0.00;2.80;0.00;0.00;1.78;0.00;0.00;1.57;0.00;13.28;7.58;176.59;98.73
7.10;1.54;-0.20;0.96;0.32;1.92;0.00;2.80;0.00;0.00;1.85;0.00;0.00;1.57;0.00;13.74;8.04;183.48;105.65
7.24;1.54;-0.13;0.97;0.22;1.86;-0.00;2.80;0.00;0.00;1.92;0.00;0.00;1.57;0.00;17.18;12.47;235.13;172.56
7.37;1.53;-0.08;0.99;0.08;1.72;-0.00;2.80;0.00;0.00;1.99;0.00;0.00;1.57;0.00;22.68;20.28;317.96;290.50
7.51;1.54;-0.08;0.98;-0.04;1.72;0.00;2.80;0.00;0.00;2.06;0.00;0.00;1.57;0.00;24.65;22.24;347.53;320.21
7.64;1.53;-0.09;0.99;0.05;1.55;-0.00;2.80;0.00;0.00;2.12;0.00;0.00;1.57;0.00;30.81;31.19;440.20;455.35
7.78;1.55;0.05;1.06;0.30;1.55;0.00;2.80;0.00;0.00;2.19;0.00;0.00;1.57;0.00;30.68;31.06;438.19;453.33
7.91;1.56;0.03;1.10;0.26;1.39;-0.00;2.80;0.00;0.00;2.26;0.00;0.00;1.57;0.00;34.95;38.02;502.43;558.47
8.05;1.58;0.11;1.11;0.26;1.39;0.00;2.80;0.00;0.00;2.32;0.00;0.00;1.57;0.00;36.24;39.30;521.75;577.87
8.18;1.59;0.00;1.16;0.49;1.42;0.00;2.80;0.00;0.00;2.39;0.00;0.00;1.57;0.00;36.01;38.47;518.35;565.36
8.32;1.54;-0.28;1.26;0.78;1.42;0.00;2.80;0.00;0.00;2.46;0.00;0.00;1.57;0.00;35.26;37.73;507.09;554.05
8.45;1.57;0.01;1.29;0.41;1.18;-0.00;2.80;0.00;0.00;2.53;0.00;0.00;1.57;0.00;40.00;46.40;578.28;685.10
8.59;1.62;0.20;1.28;0.23;1.18;0.00;2.80;0.00;0.00;2.59;0.00;0.00;1.57;0.00;41.24;47.65;597.04;703.95
8.72;1.68;0.18;1.27;0.10;1.00;-0.00;2.80;0.00;0.00;2.66;0.00;0.00;1.57;0.00;42.93;51.99;622.46;769.48
8.86;1.70;0.15;1.27;0.09;1.00;0.00;2.80;0.00;0.00;2.73;0.00;0.00;1.57;0.00;44.02;53.07;638.76;785.85
8.99;1.79;0.35;1.32;0.20;1.20;0.00;2.80;0.00;0.00;2.80;0.00;0.00;1.57;0.00;43.39;49.44;629.27;731.02
9.13;1.84;0.22;1.34;0.06;1.08;-0.00;2.80;0.00;0.00;2.86;0.00;0.00;1.57;0.00;43.84;51.77;636.09;766.17
9.26;1.90;0.31;1.39;0.23;1.08;0.00;2.80;0.00;0.00;2.93;0.00;0.00;1.57;0.00;43.48;51.41;630.70;760.75
9.40;1.94;0.32;1.43;0.28;1.01;-0.00;2.80;0.00;0.00;3.00;0.00;0.00;1.57;0.00;43.15;51.99;625.78;769.47
9.53;2.02;0.48;1.50;0.41;1.01;0.00;2.80;0.00;0.00;3.07;0.00;0.00;1.57;0.00;42.17;51.00;610.99;754.62
9.67;2.08;0.49;1.55;0.40;1.00;-0.00;2.80;0.00;0.00;3.13;0.00;0.00;1.57;0.00;41.33;50.38;598.31;745.22
9.80;2.11;0.24;1.56;0.19;1.00;0.00;2.80;0.00;0.00;3.20;0.00;0.00;1.57;0.00;42.05;51.10;609.19;756.15
9.93;2.14;0.26;1.59;0.23;0.97;-0.00;2.80;0.00;0.00;3.27;0.00;0.00;1.57;0.00;42.18;51.57;611.05;763.14
10.07;2.23;0.55;1.64;0.37;0.97;0.00;2.80;0.00;0.00;3.33;0.00;0.00;1.57;0.00;41.28;50.68;597.66;749.69
10.21;2.32;0.72;1.66;0.24;0.93;-0.00;2.80;0.00;0.00;3.40;0.00;0.00;1.57;0.00;39.76;49.79;574.75;736.31
10.34;2.44;0.77;1.67;0.22;0.93;0.00;2.80;0.00;0.00;3.47;0.00;0.00;1.57;0.00;39.08;49.11;564.44;725.96
10.47;2.46;0.38;1.70;0.20;0.91;-0.00;2.80;0.00;0.00;3.54;0.00;0.00;1.57;0.00;39.03;49.29;563.73;728.73
10.61;2.48;0.29;1.73;0.20;0.91;0.00;2.80;0.00;0.00;3.60;0.00;0.00;1.57;0.00;39.54;49.80;571.41;736.45
10.74;2.53;0.51;1.78;0.40;0.91;0.00;2.80;0.00;0.00;3.67;0.00;0.00;1.57;0.00;38.93;49.19;562.29;727.29
10.88;2.62;0.64;1.85;0.46;0.91;0.00;2.80;0.00;0.00;3.74;0.00;0.00;1.57;0.00;37.60;47.86;542.31;707.21
11.02;2.60;0.19;1.85;0.19;0.61;-0.00;2.80;0.00;0.00;3.75;0.00;0.00;1.57;0.00;26.62;40.29;377.21;592.85
11.15;2.62;0.19;1.87;0.15;0.58;-0.00;2.80;0.00;0.00;3.75;0.00;0.00;1.57;0.00;24.81;38.70;349.85;568.82
11.28;2.69;0.45;1.90;0.23;0.58;0.00;2.80;0.00;0.00;3.75;0.00;0.00;1.57;0.00;22.61;36.51;316.81;535.63
11.42;2.74;0.35;1.93;0.22;0.57;-0.00;2.80;0.00;0.00;3.75;0.00;0.00;1.57;0.00;20.63;34.62;287.04;507.17
11.55;2.79;0.31;1.98;0.27;0.57;0.00;2.80;0.00;0.00;3.75;0.00;0.00;1.57;0.00;18.85;32.84;260.31;480.32
11.69;2.84;0.38;2.02;0.29;0.55;-0.00;2.80;0.00;0.00;3.75;0.00;0.00;1.57;0.00;16.16;30.37;219.90;443.00
11.82;2.91;0.38;2.06;0.25;0.55;0.00;2.80;0.00;0.00;3.75;0.00;0.00;1.57;0.00;13.93;28.14;186.35;409.30
11.96;2.96;0.38;2.09;0.27;0.53;-0.00;2.80;0.00;0.00;3.75;0.00;0.00;1.57;0.00;11.43;25.82;148.69;374.18
12.09;3.01;0.39;2.13;0.27;0.53;0.00;2.80;0.00;0.00;3.75;0.00;0.00;1.57;0.00;9.82;24.21;124.50;349.88
12.23;3.01;0.23;2.20;0.40;0.67;0.00;2.80;0.00;0.00;3.75;0.00;0.00;1.57;0.00;14.64;27.72;196.96;402.88
12.36;3.02;0.17;2.27;0.48;0.67;0.00;2.80;0.00;0.00;3.75;0.00;0.00;1.57;0.00;13.31;26.39;177.03;382.85
12.50;3.12;0.44;2.27;0.16;0.64;-0.00;2.80;0.00;0.00;3.75;0.00;0.00;1.57;0.00;10.31;23.65;131.82;341.46
12.63;3.17;0.44;2.28;0.15;0.64;0.00;2.80;0.00;0.00;3.75;0.00;0.00;1.57;0.00;8.82;22.17;109.52;319.06
12.77;3.24;0.46;2.31;0.25;0.64;0.00;2.80;0.00;0.00;3.75;0.00;0.00;1.57;0.00;6.91;20.26;80.80;290.21
12.90;3.30;0.49;2.35;0.29;0.69;0.00;2.80;0.00;0.00;3.75;0.00;0.00;1.57;0.00;7.15;19.99;84.31;286.12
13.03;3.33;0.43;2.39;0.28;0.69;0.00;2.80;0.00;0.00;3.75;0.00;0.00;1.57;0.00;5.82;18.66;64.36;266.08
13.17;3.39;0.42;2.43;0.31;0.74;0.00;2.80;0.00;0.00;3.75;0.00;0.00;1.57;0.00;6.17;18.44;69.62;262.70
13.30;3.42;0.37;2.47;0.34;0.74;0.00;2.80;0.00;0.00;3.75;0.00;0.00;1.57;0.00;4.93;17.20;51.01;244.01
13.44;3.45;0.30;2.51;0.32;0.84;0.00;2.80;0.00;0.00;3.75;0.00;0.00;1.57;0.00;7.47;18.58;89.16;264.82
13.57;3.46;0.20;2.54;0.28;0.84;0.00;2.80;0.00;0.00;3.75;0.00;0.00;1.57;0.00;6.75;17.86;78.33;253.94
13.71;3.48;0.22;2.57;0.27;0.99;0.00;2.80;0.00;0.00;3.75;0.00;0.00;1.57;0.00;11.56;20.76;150.75;297.84
13.84;3.50;0.22;2.60;0.21;0.99;0.00;2.80;0.00;0.00;3.75;0.00;0.00;1.57;0.00;10.74;19.94;138.41;285.44
13.98;3.50;0.17;2.63;0.32;1.14;0.00;2.80;0.00;0.00;3.75;0.00;0.00;1.57;0.00;16.07;22.96;218.52;330.96
14.11;3.51;0.14;2.67;0.30;1.14;0.00;2.80;0.00;0.00;3.75;0.00;0.00;1.57;0.00;14.98;21.86;202.06;314.43
14.25;3.55;0.26;2.63;-0.02;1.88;0.00;2.80;0.00;0.00;3.75;0.00;0.00;1.57;0.00;37.23;32.14;536.73;469.64
14.38;3.59;0.26;2.62;-0.01;1.88;0.00;2.80;0.00;0.00;3.75;0.00;0.00;1.57;0.00;37.84;32.74;545.83;478.79
14.52;3.45;-0.42;2.71;0.36;2.72;0.00;2.80;0.00;0.00;3.75;0.00;0.00;1.57;0.00;34.85;19.65;500.90;280.98
14.65;3.30;-1.20;2.76;0.28;3.32;0.00;2.80;0.00;0.00;3.75;0.00;0.00;1.57;0.00;16.62;0.20;226.72;-12.74
14.79;3.24;-0.43;2.80;0.19;3.32;0.00;2.80;0.00;0.00;3.75;0.00;0.00;1.57;0.00;15.45;-0.96;209.16;-30.38
14.92;3.20;-0.41;2.82;0.21;3.32;0.00;2.80;0.00;0.00;3.75;0.00;0.00;1.57;0.00;14.34;-2.08;192.46;-47.16
15.05;3.14;-0.47;2.85;0.24;3.32;0.00;2.80;0.00;0.00;3.75;0.00;0.00;1.57;0.00;12.90;-3.51;170.85;-68.86
15.19;3.09;-0.48;2.87;0.21;3.37;0.00;2.80;0.00;0.00;3.75;0.00;0.00;1.57;0.00;10.26;-5.97;131.19;-105.98
15.33;3.12;-0.36;2.84;0.10;3.37;0.00;2.80;0.00;0.00;3.75;0.00;0.00;1.57;0.00;11.02;-5.22;142.52;-94.60
15.46;3.07;-0.42;2.86;0.16;3.51;0.00;2.80;0.00;0.00;3.75;0.00;0.00;1.57;0.00;6.01;-9.56;67.28;-160.17
15.60;2.97;-0.55;2.91;0.27;3.51;0.00;2.80;0.00;0.00;3.75;0.00;0.00;1.57;0.00;4.03;-11.54;37.38;-190.21
15.73;2.92;-0.43;2.92;0.16;3.51;0.00;2.80;0.00;0.00;3.75;0.00;0.00;1.57;0.00;2.82;-12.74;19.25;-208.26
15.86;2.90;-0.33;2.91;0.07;3.51;0.00;2.80;0.00;0.00;3.75;0.00;0.00;1.57;0.00;2.16;-13.40;9.26;-218.29
16.00;2.87;-0.33;2.92;0.08;3.52;0.00;2.80;0.00;0.00;3.75;0.00;0.00;1.57;0.00;1.05;-14.41;-7.30;-233.48
16.14;2.82;-0.35;2.93;0.08;3.52;0.00;2.80;0.00;0.00;3.75;0.00;0.00;1.57;0.00;0.09;-15.37;-21.80;-248.04
16.27;2.79;-0.32;2.94;0.09;3.51;-0.00;2.80;0.00;0.00;3.75;0.00;0.00;1.57;0.00;-0.09;-15.66;-24.59;-252.45
16.40;2.75;-0.34;2.95;0.09;3.51;0.00;2.80;0.00;0.00;3.75;0.00;0.00;1.57;0.00;-1.08;-16.65;-39.44;-267.37
16.54;2.74;-0.24;2.96;0.09;3.51;0.00;2.80;0.00;0.00;3.75;0.00;0.00;1.57;0.00;-1.14;-16.71;-40.26;-268.19
16.67;2.71;-0.23;2.98;0.08;3.29;-0.00;2.80;0.00;0.00;3.75;0.00;0.00;1.57;0.00;2.97;-13.53;21.46;-220.12
16.81;2.78;0.06;2.94;-0.05;3.29;0.00;2.80;0.00;0.00;3.75;0.00;0.00;1.57;0.00;4.56;-11.94;45.34;-196.13
16.94;2.79;0.10;2.93;-0.06;2.90;-0.00;2.80;0.00;0.00;3.75;0.00;0.00;1.57;0.00;13.05;-3.14;173.06;-63.30
17.08;2.83;0.13;2.91;-0.12;2.90;0.00;2.80;0.00;0.00;3.75;0.00;0.00;1.57;0.00;14.26;-1.94;191.22;-45.06
17.21;2.86;0.19;2.90;-0.13;2.26;-0.00;2.80;0.00;0.00;3.75;0.00;0.00;1.57;0.00;23.87;13.31;335.75;185.26
17.35;2.90;0.38;2.88;-0.18;2.26;0.00;2.80;0.00;0.00;3.75;0.00;0.00;1.57;0.00;24.95;14.39;351.98;201.56
17.48;2.95;0.37;2.87;-0.15;1.69;-0.00;2.80;0.00;0.00;3.75;0.00;0.00;1.57;0.00;24.89;22.94;351.08;330.75
17.62;2.98;0.28;2.86;-0.12;1.69;0.00;2.80;0.00;0.00;3.75;0.00;0.00;1.57;0.00;25.22;23.27;356.02;335.71
17.75;2.89;-0.24;2.94;0.18;1.32;-0.00;2.80;0.00;0.00;3.75;0.00;0.00;1.57;0.00;18.31;22.40;252.23;322.58
17.89;2.80;-0.56;2.99;0.24;1.32;0.00;2.80;0.00;0.00;3.75;0.00;0.00;1.57;0.00;17.53;21.61;240.38;310.68
18.02;2.73;-0.31;3.11;0.53;1.27;-0.00;2.80;0.00;0.00;3.75;0.00;0.00;1.57;0.00;14.51;19.50;195.05;278.67
18.16;2.69;-0.32;3.17;0.48;1.27;0.00;2.80;0.00;0.00;3.75;0.00;0.00;1.57;0.00;13.10;18.09;173.85;257.37
18.29;2.55;-0.49;3.31;0.44;1.27;0.00;2.80;0.00;0.00;3.75;0.00;0.00;1.57;0.00;10.61;15.59;136.33;219.68
18.43;2.50;-0.36;3.37;0.29;1.03;-0.00;2.80;0.00;0.00;3.75;0.00;0.00;1.57;0.00;8.63;17.24;106.65;244.63
18.56;2.61;0.14;3.35;0.19;1.03;0.00;2.80;0.00;0.00;3.75;0.00;0.00;1.57;0.00;7.43;16.04;88.61;226.50
18.70;2.64;0.12;3.37;0.19;1.02;-0.00;2.80;0.00;0.00;3.75;0.00;0.00;1.57;0.00;6.41;15.14;73.22;212.92
18.83;2.71;0.12;3.38;0.12;1.02;0.00;2.80;0.00;0.00;3.75;0.00;0.00;1.57;0.00;5.29;14.02;56.38;196.00
18.96;2.73;0.10;3.40;0.17;1.01;-0.00;2.80;0.00;0.00;3.75;0.00;0.00;1.57;0.00;4.47;13.35;44.09;185.89
19.10;2.74;0.10;3.49;0.45;1.01;0.00;2.80;0.00;0.00;3.75;0.00;0.00;1.57;0.00;2.29;11.17;11.27;152.93
19.23;2.76;0.10;3.54;0.39;1.01;0.00;2.80;0.00;0.00;3.75;0.00;0.00;1.57;0.00;0.95;9.83;-8.94;132.63
19.37;2.77;0.11;3.59;0.40;1.01;0.00;2.80;0.00;0.00;3.75;0.00;0.00;1.57;0.00;-0.43;8.45;-29.57;111.90
19.50;2.78;0.07;3.62;0.34;1.04;0.00;2.80;0.00;0.00;3.75;0.00;0.00;1.57;0.00;-1.10;7.35;-39.77;95.28
19.63;2.79;0.07;3.65;0.32;1.04;0.00;2.80;0.00;0.00;3.75;0.00;0.00;1.57;0.00;-1.92;6.54;-51.96;83.03
19.77;2.87;0.36;3.62;0.02;1.13;0.00;2.80;0.00;0.00;3.75;0.00;0.00;1.57;0.00;-1.15;5.92;-40.44;73.62
19.90;2.93;0.41;3.61;-0.02;1.13;0.00;2.80;0.00;0.00;3.75;0.00;0.00;1.57;0.00;-1.55;5.52;-46.48;67.55
20.04;3.00;0.42;3.56;-0.10;1.20;0.00;2.80;0.00;0.00;3.75;0.00;0.00;1.57;0.00;-0.26;5.74;-27.01;70.95
20.17;3.07;0.44;3.54;-0.11;1.20;0.00;2.80;0.00;0.00;3.75;0.00;0.00;1.57;0.00;-0.43;5.57;-29.60;68.34
20.31;3.27;1.08;3.39;-0.65;1.20;0.00;2.80;0.00;0.00;3.75;0.00;0.00;1.57;0.00;1.54;7.54;0.03;98.11
20.44;3.42;1.14;3.30;-0.71;2.41;0.00;2.80;0.00;0.00;3.75;0.00;0.00;1.57;0.00;26.44;14.09;374.39;197.03
20.58;3.21;-0.07;3.43;0.10;2.41;0.00;2.80;0.00;0.00;3.75;0.00;0.00;1.57;0.00;20.01;7.67;277.78;99.98
20.71;3.19;-0.16;3.46;0.12;2.27;-0.00;2.80;0.00;0.00;3.75;0.00;0.00;1.57;0.00;17.97;7.24;247.08;93.49
20.84;3.07;-0.32;3.52;0.11;2.27;0.00;2.80;0.00;0.00;3.75;0.00;0.00;1.57;0.00;14.57;3.83;195.89;42.06
20.98;3.04;-0.25;3.53;0.09;2.35;0.00;2.80;0.00;0.00;3.75;0.00;0.00;1.57;0.00;14.45;2.71;194.14;25.06
21.11;3.06;-0.08;3.53;0.05;2.35;0.00;2.80;0.00;0.00;3.75;0.00;0.00;1.57;0.00;14.98;3.23;202.05;33.02
21.25;3.07;-0.08;3.54;0.09;2.31;-0.00;2.80;0.00;0.00;3.75;0.00;0.00;1.57;0.00;14.54;3.30;195.48;34.05
21.38;3.06;-0.11;3.56;0.18;2.31;0.00;2.80;0.00;0.00;3.75;0.00;0.00;1.57;0.00;14.05;2.81;188.15;26.69
21.52;3.06;-0.03;3.58;0.21;2.20;-0.00;2.80;0.00;0.00;3.75;0.00;0.00;1.57;0.00;12.67;2.83;167.42;26.93
21.65;3.07;-0.01;3.61;0.22;2.20;0.00;2.80;0.00;0.00;3.75;0.00;0.00;1.57;0.00;12.18;2.33;159.95;19.43
21.79;3.09;0.07;3.61;0.12;1.98;-0.00;2.80;0.00;0.00;3.75;0.00;0.00;1.57;0.00;9.91;3.21;125.89;32.71
21.92;3.10;0.09;3.63;0.14;1.98;0.00;2.80;0.00;0.00;3.75;0.00;0.00;1.57;0.00;9.65;2.95;121.95;28.75
22.06;3.12;0.12;3.62;0.11;1.69;-0.00;2.80;0.00;0.00;3.75;0.00;0.00;1.57;0.00;5.31;3.37;56.75;35.09
22.19;3.14;0.14;3.64;0.12;1.30;-0.00;2.80;0.00;0.00;3.75;0.00;0.00;1.57;0.00;-1.90;2.61;-51.72;23.62
22.32;3.15;0.12;3.64;0.08;1.30;0.00;2.80;0.00;0.00;3.75;0.00;0.00;1.57;0.00;-1.98;2.53;-52.91;22.43
22.46;3.17;0.14;3.65;0.09;0.81;-0.00;2.80;0.00;0.00;3.75;0.00;0.00;1.57;0.00;-10.62;0.83;-182.91;-3.31
22.59;3.19;0.15;3.65;0.07;0.81;0.00;2.80;0.00;0.00;3.75;0.00;0.00;1.57;0.00;-10.88;0.57;-186.77;-7.18
22.73;3.21;0.16;3.66;0.07;0.36;-0.00;2.80;0.00;0.00;3.75;0.00;0.00;1.57;0.00;-17.06;-1.48;-279.69;-38.15
22.86;3.21;0.13;3.67;0.08;0.36;0.00;2.80;0.00;0.00;3.75;0.00;0.00;1.57;0.00;-17.24;-1.66;-282.41;-40.89
23.00;3.23;0.15;3.67;0.07;0.03;-0.00;2.80;0.00;0.00;3.75;0.00;0.00;1.57;0.00;-19.69;-3.03;-319.20;-61.53
23.13;3.25;0.18;3.67;0.05;0.03;0.00;2.80;0.00;0.00;3.75;0.00;0.00;1.57;0.00;-20.19;-3.53;-326.82;-69.18
23.27;3.26;0.15;3.67;0.02;6.01;0.00;2.80;0.00;0.00;3.75;0.00;0.00;1.57;0.00;-20.34;-4.30;-329.07;-80.74
23.40;3.27;0.12;3.67;0.00;6.01;0.00;2.80;0.00;0.00;3.75;0.00;0.00;1.57;0.00;-20.56;-4.51;-332.31;-84.00
23.53;3.27;0.13;3.65;-0.07;5.85;-0.00;2.80;0.00;0.00;3.75;0.00;0.00;1.57;0.00;-20.10;-4.99;-325.41;-91.27
23.67;3.29;0.16;3.63;-0.11;5.85;0.00;2.80;0.00;0.00;3.75;0.00;0.00;1.57;0.00;-20.73;-5.62;-334.84;-100.73
23.80;3.29;0.07;3.63;-0.06;5.72;-0.00;2.80;0.00;0.00;3.75;0.00;0.00;1.57;0.00;-19.70;-5.57;-319.44;-99.93
23.94;3.29;0.07;3.62;-0.07;5.72;0.00;2.80;0.00;0.00;3.75;0.00;0.00;1.57;0.00;-20.02;-5.89;-324.20;-104.72
24.07;3.28;0.03;3.62;-0.07;5.72;0.00;2.80;0.00;0.00;3.75;0.00;0.00;1.57;0.00;-19.79;-5.66;-320.80;-101.30
24.21;3.29;0.04;3.62;-0.08;5.62;-0.00;2.80;0.00;0.00;3.75;0.00;0.00;1.57;0.00;-19.06;-5.90;-309.71;-105.01
24.34;3.28;0.02;3.62;-0.02;5.62;0.00;2.80;0.00;0.00;3.75;0.00;0.00;1.57;0.00;-18.80;-5.65;-305.91;-101.19
24.48;3.28;0.01;3.62;-0.02;5.63;0.00;2.80;0.00;0.00;3.75;0.00;0.00;1.57;0.00;-18.91;-5.69;-307.56;-101.77
24.61;3.28;-0.02;3.63;-0.01;5.63;0.00;2.80;0.00;0.00;3.75;0.00;0.00;1.57;0.00;-18.64;-5.42;-303.47;-97.67
24.75;3.27;-0.02;3.63;-0.00;5.63;0.00;2.80;0.00;0.00;3.75;0.00;0.00;1.57;0.00;-18.62;-5.36;-303.13;-96.78
24.88;3.28;0.00;3.63;0.02;5.63;0.00;2.80;0.00;0.00;3.75;0.00;0.00;1.57;0.00;-18.58;-5.32;-302.55;-96.20
25.02;3.27;-0.05;3.64;0.04;5.55;-0.00;2.80;0.00;0.00;3.75;0.00;0.00;1.57;0.00;-17.47;-5.07;-285.87;-92.33
25.15;3.25;-0.12;3.65;0.06;5.55;0.00;2.80;0.00;0.00;3.75;0.00;0.00;1.57;0.00;-17.01;-4.61;-278.95;-85.38
25.29;3.26;0.00;3.64;-0.00;5.61;0.00;2.80;0.00;0.00;3.75;0.00;0.00;1.57;0.00;-17.93;-4.89;-292.80;-89.65
25.42;3.27;0.05;3.64;-0.02;5.61;0.00;2.80;0.00;0.00;3.75;0.00;0.00;1.57;0.00;-18.26;-5.22;-297.75;-94.62
25.55;3.28;0.01;3.63;-0.01;5.60;-0.00;2.80;0.00;0.00;3.75;0.00;0.00;1.57;0.00;-18.36;-5.41;-299.23;-97.48
25.69;3.28;0.01;3.63;-0.01;5.60;0.00;2.80;0.00;0.00;3.75;0.00;0.00;1.57;0.00;-18.42;-5.46;-300.10;-98.36
25.82;3.27;-0.00;3.64;0.02;5.60;0.00;2.80;0.00;0.00;3.75;0.00;0.00;1.57;0.00;-18.21;-5.26;-297.03;-95.27
25.96;3.27;-0.00;3.64;0.03;5.52;-0.00;2.80;0.00;0.00;3.75;0.00;0.00;1.57;0.00;-17.23;-5.16;-282.25;-93.76
26.09;3.25;-0.14;3.65;0.08;5.52;0.00;2.80;0.00;0.00;3.75;0.00;0.00;1.57;0.00;-16.55;-4.48;-271.98;-83.44
26.23;3.23;-0.16;3.66;0.09;5.53;0.00;2.80;0.00;0.00;3.75;0.00;0.00;1.57;0.00;-16.06;-3.89;-264.69;-74.62
26.36;3.25;0.00;3.65;-0.00;5.53;0.00;2.80;0.00;0.00;3.75;0.00;0.00;1.57;0.00;-16.76;-4.60;-275.26;-85.23
26.50;3.26;0.00;3.65;-0.00;5.53;0.00;2.80;0.00;0.00;3.75;0.00;0.00;1.57;0.00;-16.88;-4.69;-277.00;-86.68
26.63;3.26;-0.02;3.65;0.01;5.53;0.00;2.80;0.00;0.00;3.75;0.00;0.00;1.57;0.00;-16.96;-4.77;-278.14;-87.82
26.77;3.26;-0.01;3.65;0.00;5.53;0.00;2.80;0.00;0.00;3.75;0.00;0.00;1.57;0.00;-16.94;-4.73;-277.88;-87.27
26.90;3.26;0.01;3.64;-0.01;5.53;0.00;2.80;0.00;0.00;3.75;0.00;0.00;1.57;0.00;-17.07;-4.86;-279.88;-89.27
27.04;3.27;0.07;3.64;-0.05;5.62;0.00;2.80;0.00;0.00;3.75;0.00;0.00;1.57;0.00;-18.34;-5.22;-298.93;-94.71
27.17;3.29;0.13;3.62;-0.09;5.62;0.00;2.80;0.00;0.00;3.75;0.00;0.00;1.57;0.00;-18.95;-5.84;-308.14;-103.97
27.31;3.28;0.02;3.63;-0.02;5.61;-0.00;2.80;0.00;0.00;3.75;0.00;0.00;1.57;0.00;-18.66;-5.62;-303.83;-100.73
27.44;3.28;0.00;3.63;-0.01;5.61;0.00;2.80;0.00;0.00;3.75;0.00;0.00;1.57;0.00;-18.62;-5.58;-303.20;-100.10
27.58;3.27;0.01;3.64;0.01;5.61;0.00;2.80;0.00;0.00;3.75;0.00;0.00;1.57;0.00;-18.32;-5.26;-298.72;-95.32
27.71;3.28;0.01;3.64;0.01;5.61;0.00;2.80;0.00;0.00;3.75;0.00;0.00;1.57;0.00;-18.31;-5.25;-298.54;-95.14
27.84;3.27;-0.02;3.64;-0.01;5.61;-0.00;2.80;0.00;0.00;3.75;0.00;0.00;1.57;0.00;-18.21;-5.20;-296.94;-94.36
27.98;3.27;-0.02;3.63;-0.02;5.69;0.00;2.80;0.00;0.00;3.75;0.00;0.00;1.57;0.00;-19.03;-5.18;-309.34;-94.09
28.11;3.29;0.13;3.62;-0.05;5.69;0.00;2.80;0.00;0.00;3.75;0.00;0.00;1.57;0.00;-19.70;-5.85;-319.35;-104.14
28.25;3.31;0.13;3.62;-0.06;5.70;0.00;2.80;0.00;0.00;3.75;0.00;0.00;1.57;0.00;-20.20;-6.29;-326.98;-110.83
28.39;3.29;-0.00;3.63;-0.00;5.70;0.00;2.80;0.00;0.00;3.75;0.00;0.00;1.57;0.00;-19.72;-5.81;-319.74;-103.56
28.52;3.29;-0.00;3.63;-0.00;5.70;0.00;2.80;0.00;0.00;3.75;0.00;0.00;1.57;0.00;-19.67;-5.74;-318.98;-102.55
28.65;3.28;0.01;3.63;-0.01;5.70;0.00;2.80;0.00;0.00;3.75;0.00;0.00;1.57;0.00;-19.55;-5.62;-317.19;-100.76
28.79;3.28;0.00;3.63;-0.01;5.71;0.00;2.80;0.00;0.00;3.75;0.00;0.00;1.57;0.00;-19.63;-5.64;-318.34;-100.95
28.92;3.28;-0.01;3.63;0.00;5.71;0.00;2.80;0.00;0.00;3.75;0.00;0.00;1.57;0.00;-19.53;-5.54;-316.90;-99.50
29.06;3.28;-0.01;3.63;0.01;5.71;-0.00;2.80;0.00;0.00;3.75;0.00;0.00;1.57;0.00;-19.43;-5.47;-315.32;-98.40
29.19;3.28;-0.01;3.63;0.01;5.71;0.00;2.80;0.00;0.00;3.75;0.00;0.00;1.57;0.00;-19.38;-5.42;-314.55;-97.62
29.33;3.28;-0.00;3.63;0.00;5.69;-0.00;2.80;0.00;0.00;3.75;0.00;0.00;1.57;0.00;-19.29;-5.46;-313.22;-98.22
29.46;3.28;-0.01;3.63;0.01;5.69;0.00;2.80;0.00;0.00;3.75;0.00;0.00;1.57;0.00;-19.25;-5.42;-312.66;-97.66
29.60;3.28;0.00;3.63;0.01;5.69;0.00;2.80;0.00;0.00;3.75;0.00;0.00;1.57;0.00;-19.30;-5.46;-313.32;-98.33
29.73;3.28;-0.04;3.64;0.04;6.21;0.00;2.80;0.00;0.00;3.75;0.00;0.00;1.57;0.00;-21.22;-4.59;-342.20;-85.15
29.87;3.14;-0.84;3.73;0.56;6.21;0.00;2.80;0.00;0.00;3.75;0.00;0.00;1.57;0.00;-17.47;-0.84;-285.82;-28.52
30.00;3.02;-0.96;3.82;0.64;6.06;-0.00;2.80;0.00;0.00;3.75;0.00;0.00;1.57;0.00;-13.51;2.74;-226.27;25.56
30.14;3.17;0.07;3.71;-0.04;6.06;0.00;2.80;0.00;0.00;3.75;0.00;0.00;1.57;0.00;-17.85;-1.60;-291.60;-40.06
30.27;3.20;0.09;3.69;-0.05;6.06;-0.00;2.80;0.00;0.00;3.75;0.00;0.00;1.57;0.00;-18.77;-2.53;-305.43;-54.06
30.40;3.24;0.01;3.67;0.00;6.06;0.00;2.80;0.00;0.00;3.75;0.00;0.00;1.57;0.00;-20.00;-3.76;-323.89;-72.60
30.54;3.24;0.00;3.67;0.01;6.05;-0.00;2.80;0.00;0.00;3.75;0.00;0.00;1.57;0.00;-19.95;-3.74;-323.15;-72.26
30.67;3.23;0.00;3.67;0.01;6.05;0.00;2.80;0.00;0.00;3.75;0.00;0.00;1.57;0.00;-19.79;-3.58;-320.83;-69.92
30.81;3.23;-0.01;3.67;0.00;6.05;0.00;2.80;0.00;0.00;3.75;0.00;0.00;1.57;0.00;-19.78;-3.55;-320.64;-69.43
30.94;3.23;-0.01;3.67;0.00;6.05;0.00;2.80;0.00;0.00;3.75;0.00;0.00;1.57;0.00;-19.74;-3.50;-319.94;-68.74
31.08;3.23;0.01;3.67;-0.01;6.05;-0.00;2.80;0.00;0.00;3.75;0.00;0.00;1.57;0.00;-19.79;-3.57;-320.78;-69.78
31.21;3.23;0.01;3.67;-0.01;6.05;0.00;2.80;0.00;0.00;3.75;0.00;0.00;1.57;0.00;-19.82;-3.60;-321.26;-70.26
31.35;3.23;0.00;3.67;-0.00;6.06;0.00;2.80;0.00;0.00;3.75;0.00;0.00;1.57;0.00;-19.84;-3.58;-321.54;-69.95
31.48;3.23;0.00;3.67;-0.00;6.07;0.00;2.80;0.00;0.00;3.75;0.00;0.00;1.57;0.00;-19.86;-3.58;-321.86;-69.89
31.62;3.23;0.00;3.67;0.00;6.07;0.00;2.80;0.00;0.00;3.75;0.00;0.00;1.57;0.00;-19.86;-3.57;-321.77;-69.80
3