=~=~=~=~=~=~=~=~=~=~=~= PuTTY log 2024.07.18 17:09:18 =~=~=~=~=~=~=~=~=~=~=~=
0.13;1.86;0.00;0.39;0.00;0.83;0.00;0.00;0.00;0.00;0.00;.00;0.00;0.00;0.00;-23.16;-15.82
0;0.00;0.00;-23.16;-15.82
0.80;1.86;-0.00;0.39;0.00;0.82;0.00;0.00;0.00;0.00;0.00;0.00;0.00;0.00;0.00;0.00;0.00;-23.16;-15.82
0;0.00;0.00;-23.16;-15.82
0.80;1.86;-0.00;0.39;0.00;0.82;0.00;0.00;0.00;0.00;0.00;0.00;0.00;0.00;0.00;0.00;0.00;-23.16;-15.82
0.13;1.86;-0.01;0.39;-0.00;0.83;0.00;0.00;0.00;0.00;0.00;0.00;0.00;0.00;0.00;0.00;0.00;-23.16;-15.82
0.26;1.85;-0.01;0.39;0.00;0.83;0.00;0.00;0.00;0.00;0.00;0.00;0.00;0.00;0.00;0.00;0.00;-23.16;-15.82
0.40;1.86;-0.09;0.37;-0.10;0.70;-0.00;0.00;0.00;0.00;0.00;0.00;0.00;0.00;0.00;0.00;0.00;-23.16;-15.82
0.53;1.84;0.01;0.38;0.08;0.70;0.00;0.00;0.00;0.00;0.00;0.00;0.00;0.00;0.00;0.00;0.00;-23.16;-15.82
0.66;1.84;0.00;0.39;0.00;0.71;0.00;0.00;0.00;0.00;0.00;0.00;0.00;0.00;0.00;0.00;0.00;-23.16;-15.82
0.80;1.84;0.00;0.39;0.00;0.71;0.00;0.00;0.00;0.00;0.00;0.00;0.00;0.00;0.00;0.00;0.00;-23.16;-15.82
0.93;1.84;0.00;0.39;0.00;0.70;-0.00;0.00;0.00;0.00;0.00;0.00;0.00;0.00;0.00;0.00;0.00;-23.16;-15.82
1.07;1.84;0.01;0.39;-0.01;0.71;0.00;0.00;0.00;0.00;0.00;0.00;0.00;0.00;0.00;0.00;0.00;-23.16;-15.82
1.20;1.84;0.00;0.39;-0.00;0.71;0.00;0.00;0.00;0.00;0.00;0.00;0.00;0.00;0.00;0.00;0.00;-23.16;-15.82
1.33;1.84;0.00;0.39;-0.00;0.70;-0.00;0.00;0.00;0.00;0.00;0.00;0.00;0.00;0.00;0.00;0.00;-23.16;-15.82
1.47;1.84;0.01;0.38;-0.01;0.70;0.00;0.00;0.00;0.00;0.00;0.00;0.00;0.00;0.00;0.00;0.00;-23.16;-15.82
1.60;1.85;0.01;0.38;-0.01;0.70;0.00;0.00;0.00;0.00;0.00;0.00;0.00;0.00;0.00;0.00;0.00;-23.16;-15.82
1.74;1.84;0.00;0.38;-0.00;0.70;0.00;0.00;0.00;0.00;0.00;0.00;0.00;0.00;0.00;0.00;0.00;-23.16;-15.82
1.87;1.84;0.01;0.38;-0.00;0.69;-0.00;0.00;0.00;0.00;0.00;0.00;0.00;0.00;0.00;0.00;0.00;-23.16;-15.82
2.00;1.85;0.01;0.39;0.01;0.69;0.00;0.00;0.00;0.00;0.00;0.00;0.00;0.00;0.00;0.00;0.00;-23.16;-15.82
2.14;1.85;0.01;0.39;0.01;0.69;-0.00;0.00;0.00;0.00;0.00;0.00;0.00;0.00;0.00;0.00;0.00;-23.16;-15.82
2.27;1.85;0.00;0.39;0.00;0.69;0.00;0.00;0.00;0.00;0.00;0.00;0.00;0.00;0.00;0.00;0.00;-23.16;-15.82
2.40;1.86;0.14;0.39;0.03;0.80;0.00;0.00;0.00;0.00;0.00;0.00;0.00;0.00;0.00;0.00;0.00;-23.16;-15.82
2.54;1.90;0.24;0.40;0.05;0.80;0.00;0.00;0.00;0.00;0.00;0.00;0.00;0.00;0.00;0.00;0.00;-23.16;-15.82
2.67;1.89;0.06;0.40;0.01;0.80;-0.00;0.00;0.00;0.00;0.00;0.00;0.00;0.00;0.00;0.00;0.00;-23.16;-15.82
2.80;1.88;0.01;0.40;0.01;0.80;0.00;0.00;0.00;0.00;0.00;0.00;0.00;0.00;0.00;0.00;0.00;-23.16;-15.82
2.94;1.86;-0.01;0.39;0.00;0.81;0.00;0.00;0.00;0.00;0.00;0.00;0.00;0.00;0.00;0.00;0.00;-23.16;-15.82
3.07;1.86;-0.01;0.39;-0.00;0.81;0.00;0.00;0.00;0.00;0.00;0.00;0.00;0.00;0.00;0.00;0.00;-23.16;-15.82
3.21;1.86;0.01;0.39;0.00;0.80;-0.00;0.00;0.00;0.00;0.00;0.00;0.00;0.00;0.00;0.00;0.00;-23.16;-15.82
3.34;1.86;0.01;0.39;0.00;0.81;0.00;0.00;0.00;0.00;0.00;0.00;0.00;0.00;0.00;0.00;0.00;-23.16;-15.82
3.47;1.86;-0.01;0.39;0.01;0.81;0.00;0.00;0.00;0.00;0.00;0.00;0.00;0.00;0.00;0.00;0.00;-23.16;-15.82
3.61;1.86;-0.01;0.40;0.01;0.80;-0.00;0.00;0.00;0.00;0.00;0.00;0.00;0.00;0.00;0.00;0.00;-23.16;-15.82
3.74;1.86;-0.00;0.40;0.00;0.80;0.00;0.00;0.00;0.00;0.00;0.00;0.00;0.00;0.00;0.00;0.00;-23.16;-15.82
3.87;1.86;-0.00;0.40;0.00;0.80;0.00;0.00;0.00;0.00;0.00;0.00;0.00;0.00;0.00;0.00;0.00;-23.16;-15.82
4.01;1.86;0.01;0.39;0.00;0.80;0.00;2.80;0.00;0.00;0.30;0.00;0.00;1.57;0.00;9.85;21.43;124.97;307.88
4.14;1.86;0.03;0.39;-0.01;0.80;0.00;2.80;0.00;0.00;0.37;0.00;0.00;1.57;0.00;11.11;22.66;143.86;326.53
4.28;1.87;0.03;0.39;-0.02;0.80;0.00;2.80;0.00;0.00;0.44;0.00;0.00;1.57;0.00;12.41;23.96;163.41;346.17
4.41;1.87;0.01;0.39;0.00;0.84;0.00;2.80;0.00;0.00;0.51;0.00;0.00;1.57;0.00;13.34;24.51;177.43;354.47
4.55;1.86;-0.00;0.40;0.01;0.84;0.00;2.80;0.00;0.00;0.57;0.00;0.00;1.57;0.00;14.61;25.79;196.56;373.69
4.68;1.87;-0.01;0.40;-0.00;0.90;0.00;2.80;0.00;0.00;0.64;0.00;0.00;1.57;0.00;15.17;25.55;204.99;370.09
4.82;1.87;0.01;0.41;0.06;0.90;0.00;2.80;0.00;0.00;0.71;0.00;0.00;1.57;0.00;16.44;26.82;224.10;389.29
4.95;1.83;-0.11;0.48;0.21;1.02;0.00;2.80;0.00;0.00;0.78;0.00;0.00;1.57;0.00;15.81;24.47;214.58;353.79
5.09;1.81;-0.04;0.51;0.19;1.02;0.00;2.80;0.00;0.00;0.84;0.00;0.00;1.57;0.00;16.82;25.48;229.74;369.03
5.22;1.84;0.05;0.53;0.09;1.16;0.00;2.80;0.00;0.00;0.91;0.00;0.00;1.57;0.00;16.25;22.97;221.13;331.18
5.36;1.85;0.04;0.54;0.10;1.88;0.00;2.80;0.00;0.00;0.98;0.00;0.00;1.57;0.00;6.00;0.99;67.03;-0.93
5.49;1.81;-0.16;0.61;0.33;1.88;0.00;2.80;0.00;0.00;1.04;0.00;0.00;1.57;0.00;5.51;0.50;59.67;-8.32
5.62;1.75;0.11;0.67;-0.25;1.88;0.00;2.80;0.00;0.00;1.11;0.00;0.00;1.57;0.00;5.40;0.39;58.01;-9.99
5.76;1.87;1.36;0.48;-2.15;1.88;0.00;2.80;0.00;0.00;1.18;0.00;0.00;1.57;0.00;12.79;7.78;169.13;101.64
5.89;2.06;1.46;0.22;-1.89;3.45;0.00;2.80;0.00;0.00;1.25;0.00;0.00;1.57;0.00;-19.10;-34.97;-310.31;-544.11
6.03;1.89;-0.15;0.74;1.76;3.45;0.00;2.80;0.00;0.00;1.31;0.00;0.00;1.57;0.00;-19.84;-35.72;-321.56;-555.42
6.16;1.78;-0.31;1.01;1.52;3.66;0.00;2.80;0.00;0.00;1.38;0.00;0.00;1.57;0.00;-21.27;-35.77;-343.07;-556.09
6.30;1.67;-0.43;1.13;1.13;3.66;0.00;2.80;0.00;0.00;1.45;0.00;0.00;1.57;0.00;-22.99;-37.48;-368.90;-582.03
6.43;1.66;-0.30;1.14;1.16;3.79;0.00;2.80;0.00;0.00;1.52;0.00;0.00;1.57;0.00;-23.72;-37.05;-379.89;-575.50
6.57;1.63;-0.33;1.27;1.46;3.79;0.00;2.80;0.00;0.00;1.58;0.00;0.00;1.57;0.00;-23.30;-36.63;-373.50;-569.08
6.70;1.63;-0.35;1.26;1.10;3.84;0.00;2.80;0.00;0.00;1.65;0.00;0.00;1.57;0.00;-24.23;-37.04;-387.53;-575.26
6.84;1.58;-0.48;1.41;1.42;3.84;0.00;2.80;0.00;0.00;1.72;0.00;0.00;1.57;0.00;-23.86;-36.67;-382.01;-569.72
6.97;1.58;-0.42;1.36;1.05;3.84;0.00;2.80;0.00;0.00;1.78;0.00;0.00;1.57;0.00;-25.96;-38.77;-413.58;-601.43
7.11;1.51;-0.53;1.53;1.31;3.84;0.00;2.80;0.00;0.00;1.85;0.00;0.00;1.57;0.00;-25.64;-38.45;-408.79;-596.62
7.24;1.61;0.08;1.36;0.49;3.88;0.00;2.80;0.00;0.00;1.92;0.00;0.00;1.57;0.00;-27.26;-39.63;-433.07;-614.39
7.38;1.63;0.05;1.42;0.60;3.91;0.00;2.80;0.00;0.00;1.99;0.00;0.00;1.57;0.00;-26.95;-38.96;-428.48;-604.38
7.51;1.55;-0.52;1.43;0.82;3.91;0.00;2.80;0.00;0.00;2.06;0.00;0.00;1.57;0.00;-29.48;-41.49;-466.53;-642.61
7.65;1.49;-0.57;1.53;0.90;3.91;0.00;2.80;0.00;0.00;2.12;0.00;0.00;1.57;0.00;-30.15;-42.14;-476.55;-652.36
7.78;1.56;0.03;1.43;0.25;3.91;0.00;2.80;0.00;0.00;2.19;0.00;0.00;1.57;0.00;-31.85;-43.84;-502.15;-678.08
7.91;1.58;0.06;1.44;0.20;3.93;0.00;2.80;0.00;0.00;2.26;0.00;0.00;1.57;0.00;-32.65;-44.46;-514.17;-687.39
8.05;1.61;0.06;1.37;0.07;3.93;0.00;2.80;0.00;0.00;2.32;0.00;0.00;1.57;0.00;-34.41;-46.22;-540.60;-713.94
8.18;1.62;0.05;1.37;0.04;3.94;0.00;2.80;0.00;0.00;2.39;0.00;0.00;1.57;0.00;-35.80;-47.49;-561.57;-733.13
8.32;1.62;0.05;1.36;0.03;3.94;0.00;2.80;0.00;0.00;2.46;0.00;0.00;1.57;0.00;-37.22;-48.90;-582.88;-754.54
8.46;1.61;0.00;1.35;-0.01;3.93;-0.00;2.80;0.00;0.00;2.53;0.00;0.00;1.57;0.00;-38.75;-50.45;-605.87;-777.95
8.59;1.61;-0.01;1.34;-0.03;3.93;0.00;2.80;0.00;0.00;2.60;0.00;0.00;1.57;0.00;-40.22;-51.92;-627.99;-800.16
8.72;1.61;-0.00;1.34;-0.01;3.93;0.00;2.80;0.00;0.00;2.66;0.00;0.00;1.57;0.00;-41.53;-53.23;-647.68;-819.94
8.86;1.60;-0.01;1.34;-0.01;3.94;0.00;2.80;0.00;0.00;2.73;0.00;0.00;1.57;0.00;-42.90;-54.59;-668.33;-840.37
8.99;1.61;0.01;1.35;0.00;3.94;0.00;2.80;0.00;0.00;2.80;0.00;0.00;1.57;0.00;-44.06;-55.74;-685.65;-857.77
9.13;1.61;0.01;1.35;0.00;3.93;-0.00;2.80;0.00;0.00;2.86;0.00;0.00;1.57;0.00;-45.28;-56.98;-704.08;-876.60
9.26;1.61;0.00;1.35;0.01;3.93;0.00;2.80;0.00;0.00;2.93;0.00;0.00;1.57;0.00;-46.54;-58.25;-723.07;-895.67
9.40;1.61;0.00;1.35;0.01;3.94;0.00;2.80;0.00;0.00;3.00;0.00;0.00;1.57;0.00;-47.80;-59.48;-742.00;-914.37
9.53;1.61;0.00;1.35;-0.01;3.94;0.00;2.80;0.00;0.00;3.07;0.00;0.00;1.57;0.00;-49.16;-60.84;-762.45;-934.92
9.67;1.61;-0.00;1.35;-0.01;3.94;0.00;2.80;0.00;0.00;3.13;0.00;0.00;1.57;0.00;-50.47;-62.16;-782.18;-954.74
9.80;1.61;-0.01;1.35;0.01;3.94;0.00;2.80;0.00;0.00;3.20;0.00;0.00;1.57;0.00;-51.74;-63.42;-801.19;-973.83
9.94;1.61;0.00;1.35;-0.01;3.93;-0.00;2.80;0.00;0.00;3.27;0.00;0.00;1.57;0.00;-53.00;-64.70;-820.13;-993.18
10.07;1.61;0.01;1.34;-0.03;3.93;0.00;2.80;0.00;0.00;3.34;0.00;0.00;1.57;0.00;-54.31;-66.01;-839.85;-1012.98
10.21;1.61;-0.00;1.34;0.00;3.94;0.00;2.80;0.00;0.00;3.40;0.00;0.00;1.57;0.00;-55.60;-67.28;-859.26;-1032.17
10.34;1.61;-0.01;1.35;0.01;3.94;0.00;2.80;0.00;0.00;3.47;0.00;0.00;1.57;0.00;-56.88;-68.57;-878.56;-1051.56
10.48;1.61;0.01;1.35;0.00;3.93;-0.00;2.80;0.00;0.00;3.54;0.00;0.00;1.57;0.00;-58.09;-69.79;-896.66;-1070.05
10.61;1.61;0.01;1.35;0.00;3.93;0.00;2.80;0.00;0.00;3.60;0.00;0.00;1.57;0.00;-59.32;-71.03;-915.23;-1088.70
10.74;1.61;-0.01;1.35;0.00;3.93;0.00;2.80;0.00;0.00;3.67;0.00;0.00;1.57;0.00;-60.63;-72.33;-934.92;-1108.49
10.88;1.61;-0.01;1.35;0.00;3.93;0.00;2.80;0.00;0.00;3.74;0.00;0.00;1.57;0.00;-61.98;-73.68;-955.19;-1128.84
11.02;1.61;0.01;1.35;0.00;3.93;0.00;2.80;0.00;0.00;3.75;0.00;0.00;1.57;0.00;-62.11;-73.82;-957.20;-1130.86
11.15;1.61;0.01;1.35;-0.00;3.93;-0.00;2.80;0.00;0.00;3.75;0.00;0.00;1.57;0.00;-62.00;-73.74;-955.42;-1129.70
11.28;1.61;0.00;1.34;-0.01;3.93;0.00;2.80;0.00;0.00;3.75;0.00;0.00;1.57;0.00;-62.05;-73.80;-956.27;-1130.56
11.42;1.61;0.00;1.34;-0.01;3.93;0.00;2.80;0.00;0.00;3.75;0.00;0.00;1.57;0.00;-62.15;-73.85;-957.77;-1131.44
11.55;1.61;0.00;1.35;0.01;3.93;0.00;2.80;0.00;0.00;3.75;0.00;0.00;1.57;0.00;-62.09;-73.80;-956.91;-1130.58
11.69;1.61;0.00;1.35;0.00;3.93;-0.00;2.80;0.00;0.00;3.75;0.00;0.00;1.57;0.00;-62.00;-73.74;-955.42;-1129.70
11.82;1.61;0.00;1.35;-0.01;3.93;0.00;2.80;0.00;0.00;3.75;0.00;0.00;1.57;0.00;-62.03;-73.78;-955.99;-1130.27
11.96;1.61;0.01;1.34;-0.00;3.93;0.00;2.80;0.00;0.00;3.75;0.00;0.00;1.57;0.00;-62.08;-73.81;-956.74;-1130.72
12.09;1.61;0.01;1.35;0.00;3.93;0.00;2.80;0.00;0.00;3.75;0.00;0.00;1.57;0.00;-62.05;-73.77;-956.17;-1130.15
12.23;1.61;0.00;1.34;-0.01;3.93;-0.00;2.80;0.00;0.00;3.75;0.00;0.00;1.57;0.00;-61.98;-73.75;-955.24;-1129.83
12.36;1.61;0.00;1.34;-0.01;3.93;0.00;2.80;0.00;0.00;3.75;0.00;0.00;1.57;0.00;-62.02;-73.79;-955.81;-1130.40
12.50;1.61;0.01;1.34;-0.00;3.93;0.00;2.80;0.00;0.00;3.75;0.00;0.00;1.57;0.00;-62.01;-73.76;-955.71;-1129.99
12.63;1.61;0.01;1.34;0.00;3.93;0.00;2.80;0.00;0.00;3.75;0.00;0.00;1.57;0.00;-61.98;-73.72;-955.14;-1129.42
12.77;1.61;0.00;1.35;0.01;3.93;0.00;2.80;0.00;0.00;3.75;0.00;0.00;1.57;0.00;-61.98;-73.72;-955.14;-1129.42
12.90;1.61;-0.00;1.35;0.01;3.93;-0.00;2.80;0.00;0.00;3.75;0.00;0.00;1.57;0.00;-61.84;-73.62;-953.07;-1127.96
13.04;1.61;-0.02;1.34;-0.01;3.93;0.00;2.80;0.00;0.00;3.75;0.00;0.00;1.57;0.00;-61.99;-73.77;-955.34;-1130.24
13.17;1.60;-0.02;1.34;-0.01;3.93;0.00;2.80;0.00;0.00;3.75;0.00;0.00;1.57;0.00;-62.12;-73.88;-957.22;-1131.82
13.31;1.61;0.01;1.35;0.01;3.93;0.00;2.80;0.00;0.00;3.75;0.00;0.00;1.57;0.00;-61.96;-73.73;-954.95;-1129.55
13.44;1.61;0.01;1.35;0.01;3.93;0.00;2.80;0.00;0.00;3.75;0.00;0.00;1.57;0.00;-61.96;-73.70;-954.85;-1129.13
13.58;1.61;0.01;1.35;0.00;3.93;0.00;2.80;0.00;0.00;3.75;0.00;0.00;1.57;0.00;-61.96;-73.70;-954.85;-1129.13
13.71;1.61;0.00;1.35;0.00;3.93;0.00;2.80;0.00;0.00;3.75;0.00;0.00;1.57;0.00;-61.96;-73.70;-954.85;-1129.13
13.85;1.61;0.00;1.35;0.00;3.93;0.00;2.80;0.00;0.00;3.75;0.00;0.00;1.57;0.00;-62.00;-73.74;-955.42;-1129.70
13.98;1.61;0.00;1.35;0.01;3.93;0.00;2.80;0.00;0.00;3.75;0.00;0.00;1.57;0.00;-61.98;-73.72;-955.14;-1129.42
14.11;1.61;0.00;1.35;0.01;3.93;0.00;2.80;0.00;0.00;3.75;0.00;0.00;1.57;0.00;-61.96;-73.70;-954.85;-1129.13
14.25;1.61;-0.01;1.35;0.00;3.93;0.00;2.80;0.00;0.00;3.75;0.00;0.00;1.57;0.00;-62.00;-73.74;-955.42;-1129.70
14.38;1.61;-0.01;1.35;0.00;3.93;0.00;2.80;0.00;0.00;3.75;0.00;0.00;1.57;0.00;-62.05;-73.80;-956.27;-1130.55
14.52;1.61;-0.01;1.35;0.00;3.93;0.00;2.80;0.00;0.00;3.75;0.00;0.00;1.57;0.00;-62.05;-73.80;-956.27;-1130.55
14.65;1.60;-0.01;1.35;0.00;3.93;0.00;2.80;0.00;0.00;3.75;0.00;0.00;1.57;0.00;-62.14;-73.86;-957.58;-1131.56
14.79;1.61;0.00;1.35;0.01;3.93;0.00;2.80;0.00;0.00;3.75;0.00;0.00;1.57;0.00;-62.06;-73.79;-956.45;-1130.42
14.92;1.61;0.00;1.35;0.01;3.93;0.00;2.80;0.00;0.00;3.75;0.00;0.00;1.57;0.00;-62.07;-73.78;-956.62;-1130.28
15.06;1.61;0.00;1.35;0.00;3.93;0.00;2.80;0.00;0.00;3.75;0.00;0.00;1.57;0.00;-62.09;-73.80;-956.90;-1130.57
15.19;1.61;0.00;1.35;0.01;3.93;-0.00;2.80;0.00;0.00;3.75;0.00;0.00;1.57;0.00;-62.03;-73.75;-955.88;-1129.85
15.33;1.61;0.00;1.35;0.01;3.93;0.00;2.80;0.00;0.00;3.75;0.00;0.00;1.57;0.00;-62.03;-73.75;-955.88;-1129.85
15.46;1.61;-0.00;1.35;0.01;3.93;0.00;2.80;0.00;0.00;3.75;0.00;0.00;1.57;0.00;-62.06;-73.76;-956.33;-1129.99
15.60;1.60;-0.01;1.35;0.00;3.93;0.00;2.80;0.00;0.00;3.75;0.00;0.00;1.57;0.00;-62.13;-73.83;-957.47;-1131.13
15.73;1.61;0.00;1.35;-0.01;3.93;0.00;2.80;0.00;0.00;3.75;0.00;0.00;1.57;0.00;-62.13;-73.83;-957.47;-1131.14
15.87;1.61;0.01;1.35;-0.01;3.93;0.00;2.80;0.00;0.00;3.75;0.00;0.00;1.57;0.00;-62.13;-73.83;-957.48;-1131.14
16.00;1.61;0.00;1.35;-0.00;3.93;0.00;2.80;0.00;0.00;3.75;0.00;0.00;1.57;0.00;-62.11;-73.82;-957.20;-1130.86
16.14;1.61;0.01;1.35;-0.01;3.93;0.00;2.80;0.00;0.00;3.75;0.00;0.00;1.57;0.00;-62.11;-73.82;-957.20;-1130.86
16.27;1.61;-0.01;1.35;0.00;3.93;0.00;2.80;0.00;0.00;3.75;0.00;0.00;1.57;0.00;-62.15;-73.85;-957.76;-1131.42
16.41;1.60;-0.01;1.35;0.00;3.93;0.00;2.80;0.00;0.00;3.75;0.00;0.00;1.57;0.00;-62.17;-73.87;-958.04;-1131.71
16.54;1.61;0.00;1.35;0.01;3.93;0.00;2.80;0.00;0.00;3.75;0.00;0.00;1.57;0.00;-62.11;-73.82;-957.18;-1130.85
16.67;1.61;0.00;1.35;0.01;3.93;-0.00;2.80;0.00;0.00;3.75;0.00;0.00;1.57;0.00;-62.03;-73.75;-955.87;-1129.85
16.81;1.61;0.01;1.35;0.00;3.93;0.00;2.80;0.00;0.00;3.75;0.00;0.00;1.57;0.00;-62.01;-73.73;-955.60;-1129.57
16.95;1.61;0.01;1.35;-0.00;3.93;0.00;2.80;0.00;0.00;3.75;0.00;0.00;1.57;0.00;-62.04;-73.74;-956.06;-1129.72
17.08;1.61;0.00;1.35;-0.01;3.93;0.00;2.80;0.00;0.00;3.75;0.00;0.00;1.57;0.00;-62.13;-73.83;-957.48;-1131.14
17.22;1.61;0.00;1.35;-0.01;3.93;-0.00;2.80;0.00;0.00;3.75;0.00;0.00;1.57;0.00;-62.10;-73.82;-957.02;-1131.00
17.35;1.61;0.00;1.34;-0.01;3.93;0.00;2.80;0.00;0.00;3.75;0.00;0.00;1.57;0.00;-62.12;-73.84;-957.30;-1131.28
17.49;1.61;0.00;1.35;0.00;3.93;0.00;2.80;0.00;0.00;3.75;0.00;0.00;1.57;0.00;-62.15;-73.85;-957.76;-1131.43
17.62;1.61;0.00;1.35;0.01;3.93;0.00;2.80;0.00;0.00;3.75;0.00;0.00;1.57;0.00;-62.09;-73.80;-956.91;-1130.57
17.76;1.61;0.00;1.35;0.01;3.94;0.00;2.80;0.00;0.00;3.75;0.00;0.00;1.57;0.00;-62.11;-73.79;-957.07;-1130.43
17.89;1.61;0.00;1.35;0.01;3.94;0.00;2.80;0.00;0.00;3.75;0.00;0.00;1.57;0.00;-62.09;-73.77;-956.79;-1130.14
18.02;1.61;0.00;1.35;0.00;3.94;0.00;2.80;0.00;0.00;3.75;0.00;0.00;1.57;0.00;-62.11;-73.79;-957.07;-1130.43
18.16;1.61;0.00;1.35;0.01;3.93;-0.00;2.80;0.00;0.00;3.75;0.00;0.00;1.57;0.00;-62.06;-73.76;-956.34;-1130.00
18.29;1.61;-0.01;1.35;0.00;3.93;0.00;2.80;0.00;0.00;3.75;0.00;0.00;1.57;0.00;-62.11;-73.82;-957.18;-1130.85
18.43;1.60;-0.01;1.35;0.00;3.93;0.00;2.80;0.00;0.00;3.75;0.00;0.00;1.57;0.00;-62.15;-73.85;-957.75;-1131.42
18.56;1.61;0.01;1.35;-0.01;3.93;0.00;2.80;0.00;0.00;3.75;0.00;0.00;1.57;0.00;-62.11;-73.82;-957.19;-1130.86
18.70;1.61;0.01;1.35;-0.01;3.94;0.00;2.80;0.00;0.00;3.75;0.00;0.00;1.57;0.00;-62.18;-73.86;-958.22;-1131.58
18.83;1.61;0.00;1.35;0.01;3.94;0.00;2.80;0.00;0.00;3.75;0.00;0.00;1.57;0.00;-62.12;-73.81;-957.36;-1130.71
18.97;1.61;0.00;1.35;0.00;3.94;0.00;2.80;0.00;0.00;3.75;0.00;0.00;1.57;0.00;-62.15;-73.82;-957.81;-1130.85
19.10;1.61;0.00;1.35;-0.01;3.94;0.00;2.80;0.00;0.00;3.75;0.00;0.00;1.57;0.00;-62.21;-73.87;-958.67;-1131.72
19.24;1.61;0.01;1.35;-0.01;3.94;0.00;2.80;0.00;0.00;3.75;0.00;0.00;1.57;0.00;-62.33;-73.95;-960.43;-1132.85
19.37;1.61;0.01;1.35;0.00;3.94;0.00;2.80;0.00;0.00;3.75;0.00;0.00;1.57;0.00;-62.27;-73.89;-959.58;-1132.00
19.51;1.61;0.00;1.35;0.01;3.95;0.00;2.80;0.00;0.00;3.75;0.00;0.00;1.57;0.00;-62.38;-73.94;-961.18;-1132.66
19.64;1.61;0.00;1.35;0.01;3.95;0.00;2.80;0.00;0.00;3.75;0.00;0.00;1.57;0.00;-62.38;-73.93;-961.17;-1132.65
19.78;1.61;0.01;1.35;-0.01;3.95;0.00;2.80;0.00;0.00;3.75;0.00;0.00;1.57;0.00;-62.54;-74.03;-963.63;-1134.17
19.91;1.61;0.01;1.35;-0.01;3.95;0.00;2.80;0.00;0.00;3.75;0.00;0.00;1.57;0.00;-62.64;-74.09;-965.08;-1134.99
20.05;1.61;0.00;1.35;0.02;3.95;0.00;2.80;0.00;0.00;3.75;0.00;0.00;1.57;0.00;-62.60;-74.05;-964.47;-1134.37
20.18;1.61;0.00;1.35;0.02;3.96;0.00;2.80;0.00;0.00;3.75;0.00;0.00;1.57;0.00;-62.59;-74.02;-964.30;-1133.88
20.32;1.61;0.00;1.35;-0.01;3.96;0.00;2.80;0.00;0.00;3.75;0.00;0.00;1.57;0.00;-62.66;-74.09;-965.46;-1135.06
20.45;1.61;0.05;1.34;-0.04;3.95;-0.00;2.80;0.00;0.00;3.75;0.00;0.00;1.57;0.00;-62.53;-74.02;-963.41;-1133.94
20.59;1.66;0.28;1.31;-0.19;3.95;0.00;2.80;0.00;0.00;3.75;0.00;0.00;1.57;0.00;-62.28;-73.78;-959.74;-1130.26
20.72;1.71;0.42;1.28;-0.31;3.95;0.00;2.80;0.00;0.00;3.75;0.00;0.00;1.57;0.00;-62.14;-73.62;-957.66;-1127.86
20.86;1.78;0.62;1.22;-0.52;3.95;0.00;2.80;0.00;0.00;3.75;0.00;0.00;1.57;0.00;-62.08;-73.55;-956.65;-1126.84
20.99;1.82;0.61;1.18;-0.51;3.94;-0.00;2.80;0.00;0.00;3.75;0.00;0.00;1.57;0.00;-61.49;-73.16;-947.89;-1120.89
21.13;1.86;0.61;1.14;-0.52;3.94;0.00;2.80;0.00;0.00;3.75;0.00;0.00;1.57;0.00;-61.45;-73.11;-947.25;-1120.24
21.26;1.95;0.79;1.07;-0.67;3.94;0.00;2.80;0.00;0.00;3.75;0.00;0.00;1.57;0.00;-61.20;-72.86;-943.51;-1116.49
21.40;1.87;0.39;1.13;-0.34;3.91;-0.00;2.80;0.00;0.00;3.75;0.00;0.00;1.57;0.00;-60.38;-72.37;-931.12;-1108.99
21.53;1.90;0.84;1.11;-0.71;3.83;-0.00;2.80;0.00;0.00;3.75;0.00;0.00;1.57;0.00;-57.16;-69.98;-882.65;-1072.91
21.67;2.04;1.37;0.98;-1.14;3.83;0.00;2.80;0.00;0.00;3.75;0.00;0.00;1.57;0.00;-56.22;-69.04;-868.55;-1058.74
21.80;2.00;0.55;1.02;-0.47;2.64;-0.00;2.80;0.00;0.00;3.75;0.00;0.00;1.57;0.00;23.81;9.22;334.96;123.51
21.94;2.08;0.69;0.95;-0.59;1.04;-0.00;2.80;0.00;0.00;3.75;0.00;0.00;1.57;0.00;69.94;78.35;1028.63;1167.76
22.07;2.00;0.49;1.01;-0.45;1.04;0.00;2.80;0.00;0.00;3.75;0.00;0.00;1.57;0.00;69.58;77.99;1023.17;1162.28
22.21;2.07;0.61;0.95;-0.55;0.94;-0.00;2.80;0.00;0.00;3.75;0.00;0.00;1.57;0.00;66.74;76.61;980.45;1141.38
22.34;2.06;0.55;0.97;-0.41;0.94;0.00;2.80;0.00;0.00;3.75;0.00;0.00;1.57;0.00;66.44;76.30;975.88;1136.80
22.47;2.13;0.68;0.93;-0.42;0.87;-0.00;2.80;0.00;0.00;3.75;0.00;0.00;1.57;0.00;63.46;74.26;931.14;1105.98
22.61;2.10;0.47;1.00;-0.08;0.87;0.00;2.80;0.00;0.00;3.75;0.00;0.00;1.57;0.00;62.49;73.30;916.61;1091.38
22.75;2.18;0.62;0.99;-0.09;0.87;0.00;2.80;0.00;0.00;3.75;0.00;0.00;1.57;0.00;61.46;72.26;901.00;1075.70
22.88;2.17;0.45;1.02;0.06;0.79;-0.00;2.80;0.00;0.00;3.75;0.00;0.00;1.57;0.00;57.49;69.25;841.30;1030.27
23.01;2.11;0.40;1.10;0.29;0.87;0.00;2.80;0.00;0.00;3.75;0.00;0.00;1.57;0.00;60.62;71.35;888.37;1062.01
23.15;2.17;0.72;1.16;0.51;0.87;0.00;2.80;0.00;0.00;3.75;0.00;0.00;1.57;0.00;58.42;69.15;855.30;1028.79
23.28;2.17;0.37;1.10;-0.13;0.76;-0.00;2.80;0.00;0.00;3.75;0.00;0.00;1.57;0.00;54.81;66.88;801.03;994.42
23.42;2.21;0.42;1.05;-0.30;0.76;0.00;2.80;0.00;0.00;3.75;0.00;0.00;1.57;0.00;54.92;66.99;802.70;996.10
23.55;2.23;0.61;1.11;0.43;0.69;-0.00;2.80;0.00;0.00;3.75;0.00;0.00;1.57;0.00;50.22;63.07;732.08;936.83
23.69;2.34;0.86;1.20;0.66;0.69;0.00;2.80;0.00;0.00;3.75;0.00;0.00;1.57;0.00;46.47;59.31;675.65;880.15
23.82;2.36;0.74;1.24;0.47;0.69;0.00;2.80;0.00;0.00;3.75;0.00;0.00;1.57;0.00;45.36;58.21;659.00;863.42
23.96;2.47;0.97;1.31;0.58;0.92;0.00;2.80;0.00;0.00;3.75;0.00;0.00;1.57;0.00;51.93;62.07;757.68;921.83
24.09;2.47;0.89;1.18;-0.15;0.92;0.00;2.80;0.00;0.00;3.75;0.00;0.00;1.57;0.00;54.53;64.68;796.89;961.21
24.23;2.61;1.15;1.16;-0.04;0.73;-0.00;2.80;0.00;0.00;3.75;0.00;0.00;1.57;0.00;43.80;56.18;635.44;832.86
24.36;2.61;1.01;1.32;0.99;0.73;0.00;2.80;0.00;0.00;3.75;0.00;0.00;1.57;0.00;40.86;53.24;591.26;788.48
24.50;2.70;0.94;1.45;1.03;0.98;0.00;2.80;0.00;0.00;3.75;0.00;0.00;1.57;0.00;47.60;56.92;692.59;843.96
24.63;2.59;0.33;1.44;0.54;0.98;0.00;2.80;0.00;0.00;3.75;0.00;0.00;1.57;0.00;49.54;58.86;721.80;873.30
24.77;2.65;0.87;1.46;0.60;0.83;-0.00;2.80;0.00;0.00;3.75;0.00;0.00;1.57;0.00;41.92;53.20;607.26;787.87
24.90;2.82;1.47;1.50;0.69;0.83;0.00;2.80;0.00;0.00;3.75;0.00;0.00;1.57;0.00;38.32;49.60;553.03;733.39
25.04;2.88;1.09;1.48;0.33;0.63;-0.00;2.80;0.00;0.00;3.75;0.00;0.00;1.57;0.00;27.31;40.78;387.50;600.13
25.17;2.99;1.17;1.49;0.28;0.63;0.00;2.80;0.00;0.00;3.75;0.00;0.00;1.57;0.00;24.80;38.27;349.83;562.28
25.31;2.94;0.89;1.57;0.97;0.82;0.00;2.80;0.00;0.00;3.75;0.00;0.00;1.57;0.00;34.49;45.83;495.44;676.51
25.44;3.08;1.14;1.73;1.30;0.82;0.00;2.80;0.00;0.00;3.75;0.00;0.00;1.57;0.00;28.87;40.22;411.04;591.73
25.58;3.06;1.00;1.67;0.50;0.82;0.00;2.80;0.00;0.00;3.75;0.00;0.00;1.57;0.00;30.29;41.64;432.35;613.13
25.71;3.20;1.27;1.74;0.57;0.80;-0.00;2.80;0.00;0.00;3.75;0.00;0.00;1.57;0.00;25.38;36.96;358.48;542.44
25.85;3.18;1.01;1.67;0.42;0.80;0.00;2.80;0.00;0.00;3.75;0.00;0.00;1.57;0.00;27.17;38.74;385.35;569.43
25.98;3.33;1.36;1.74;0.69;0.54;-0.00;2.80;0.00;0.00;3.75;0.00;0.00;1.57;0.00;8.47;22.74;104.17;327.66
26.12;3.32;1.19;1.88;1.37;0.54;0.00;2.80;0.00;0.00;3.75;0.00;0.00;1.57;0.00;6.79;21.07;79.02;302.40
26.25;3.45;1.36;2.02;1.26;0.61;0.00;2.80;0.00;0.00;3.75;0.00;0.00;1.57;0.00;5.63;19.25;61.51;274.97
26.39;3.45;1.14;1.85;0.13;0.61;0.00;2.80;0.00;0.00;3.75;0.00;0.00;1.57;0.00;8.25;21.86;100.83;314.46
26.52;3.56;1.53;1.83;0.38;0.20;-0.00;2.80;0.00;0.00;3.75;0.00;0.00;1.57;0.00;-17.84;-1.51;-291.42;-38.59
26.65;3.74;2.02;1.88;0.71;0.20;0.00;2.80;0.00;0.00;3.75;0.00;0.00;1.57;0.00;-22.67;-6.34;-364.11;-111.60
26.79;3.73;1.11;1.91;0.53;0.40;0.00;2.80;0.00;0.00;3.75;0.00;0.00;1.57;0.00;-11.46;3.90;-195.53;43.12
26.92;3.71;0.75;1.95;0.51;0.40;0.00;2.80;0.00;0.00;3.75;0.00;0.00;1.57;0.00;-11.45;3.92;-195.31;43.34
27.06;3.66;0.74;1.99;0.75;0.64;0.00;2.80;0.00;0.00;3.75;0.00;0.00;1.57;0.00;3.15;16.48;24.28;233.17
27.19;3.75;0.93;2.12;1.10;0.64;0.00;2.80;0.00;0.00;3.75;0.00;0.00;1.57;0.00;-0.68;12.65;-33.31;175.32
27.33;3.72;0.66;2.07;0.47;0.78;0.00;2.80;0.00;0.00;3.75;0.00;0.00;1.57;0.00;8.21;20.07;100.23;287.39
27.46;3.83;0.88;2.14;0.58;0.96;0.00;2.80;0.00;0.00;3.75;0.00;0.00;1.57;0.00;14.91;24.42;201.06;353.10
27.60;3.77;0.54;2.08;0.43;0.96;0.00;2.80;0.00;0.00;3.75;0.00;0.00;1.57;0.00;17.19;26.70;235.34;387.54
27.73;3.84;0.66;2.14;0.54;1.15;0.00;2.80;0.00;0.00;3.75;0.00;0.00;1.57;0.00;24.46;31.30;344.73;456.94
27.87;3.77;0.30;2.14;0.56;1.15;0.00;2.80;0.00;0.00;3.75;0.00;0.00;1.57;0.00;25.07;31.90;353.84;466.09
28.00;3.80;0.31;2.21;0.68;1.40;0.00;2.80;0.00;0.00;3.75;0.00;0.00;1.57;0.00;34.61;37.36;497.33;548.59
28.14;3.74;0.11;2.21;0.61;1.40;0.00;2.80;0.00;0.00;3.75;0.00;0.00;1.57;0.00;34.95;37.70;502.43;553.70
28.27;3.75;0.09;2.27;0.68;1.67;0.00;2.80;0.00;0.00;3.75;0.00;0.00;1.57;0.00;42.52;40.90;616.30;601.97
28.40;3.72;0.03;2.24;0.55;1.67;0.00;2.80;0.00;0.00;3.75;0.00;0.00;1.57;0.00;43.40;41.77;629.45;615.18
28.54;3.72;0.00;2.34;0.61;1.67;0.00;2.80;0.00;0.00;3.75;0.00;0.00;1.57;0.00;40.53;38.90;586.31;571.84
28.67;3.72;-0.02;2.43;0.78;1.67;0.00;2.80;0.00;0.00;3.75;0.00;0.00;1.57;0.00;38.14;36.51;550.35;535.72
28.81;3.64;-0.30;2.37;0.53;1.65;-0.00;2.80;0.00;0.00;3.75;0.00;0.00;1.57;0.00;39.26;37.92;567.20;557.03
28.94;3.58;-0.43;2.39;0.54;1.65;0.00;2.80;0.00;0.00;3.75;0.00;0.00;1.57;0.00;38.48;37.14;555.49;545.26
29.08;3.55;-0.38;2.39;0.62;1.84;0.00;2.80;0.00;0.00;3.75;0.00;0.00;1.57;0.00;42.31;37.94;613.08;557.29
29.21;3.50;-0.49;2.48;0.80;1.84;0.00;2.80;0.00;0.00;3.75;0.00;0.00;1.57;0.00;39.76;35.39;574.72;518.76
29.35;3.48;-0.55;2.52;0.90;1.84;0.00;2.80;0.00;0.00;3.75;0.00;0.00;1.57;0.00;38.55;34.18;556.47;500.43
29.48;3.39;-0.75;2.66;1.19;2.03;0.00;2.80;0.00;0.00;3.75;0.00;0.00;1.57;0.00;36.73;29.29;529.13;426.64
29.62;3.41;-0.52;2.65;0.95;2.03;0.00;2.80;0.00;0.00;3.75;0.00;0.00;1.57;0.00;37.19;29.76;536.12;433.66
29.75;3.33;-0.65;2.79;1.18;2.05;0.00;2.80;0.00;0.00;3.75;0.00;0.00;1.57;0.00;33.01;25.36;473.18;367.30
29.88;3.33;-0.69;2.81;1.25;2.05;0.00;2.80;0.00;0.00;3.75;0.00;0.00;1.57;0.00;32.54;24.90;466.21;360.30
30.02;3.24;-0.80;2.97;1.46;2.05;0.00;2.80;0.00;0.00;3.75;0.00;0.00;1.57;0.00;27.65;19.90;392.62;284.82
30.15;3.27;-0.52;2.96;1.19;2.05;0.00;2.80;0.00;0.00;3.75;0.00;0.00;1.57;0.00;28.50;20.75;405.35;297.61
30.29;3.24;-0.49;3.06;1.24;2.43;0.00;2.80;0.00;0.00;3.75;0.00;0.00;1.57;0.00;27.08;14.46;384.06;202.67
30.42;3.32;-0.11;3.00;0.81;2.43;0.00;2.80;0.00;0.00;3.75;0.00;0.00;1.57;0.00;29.88;17.26;426.17;244.96
30.56;3.31;-0.12;3.03;0.86;2.43;0.00;2.80;0.00;0.00;3.75;0.00;0.00;1.57;0.00;29.19;16.57;415.74;234.49
30.69;3.27;-0.17;3.31;1.22;2.43;0.00;2.80;0.00;0.00;3.75;0.00;0.00;1.57;0.00;23.61;10.99;331.88;150.25
30.83;3.29;-0.20;3.25;1.10;2.07;-0.00;2.80;0.00;0.00;3.75;0.00;0.00;1.57;0.00;22.06;14.14;308.61;197.71
30.96;3.27;-0.25;3.35;1.21;2.07;0.00;2.80;0.00;0.00;3.75;0.00;0.00;1.57;0.00;19.38;11.45;268.27;157.19
31.09;3.23;-0.56;3.40;1.50;2.37;0.00;2.80;0.00;0.00;3.75;0.00;0.00;1.57;0.00;20.76;8.77;289.04;116.70
31.23;3.12;-0.84;3.65;2.11;2.37;0.00;2.80;0.00;0.00;3.75;0.00;0.00;1.57;0.00;14.14;2.15;189.40;16.61
31.37;3.22;0.06;3.58;1.19;2.17;-0.00;2.80;0.00;0.00;3.75;0.00;0.00;1.57;0.00;14.73;5.29;198.30;64.05
31.50;3.24;0.16;3.74;1.42;1.89;-0.00;2.80;0.00;0.00;3.75;0.00;0.00;1.57;0.00;6.55;1.37;75.28;4.85
31.64;3.34;0.28;3.64;1.04;1.89;0.00;2.80;0.00;0.00;3.75;0.00;0.00;1.57;0.00;9.84;4.67;124.86;54.65
31.77;3.38;0.34;3.77;1.23;1.47;-0.00;2.80;0.00;0.00;3.75;0.00;0.00;1.57;0.00;-2.85;-1.16;-65.99;-33.40
31.90;3.39;0.30;3.74;1.06;1.47;0.00;2.80;0.00;0.00;3.75;0.00;0.00;1.57;0.00;-2.05;-0.36;-53.94;-21.30
32.04;3.42;0.37;3.83;1.12;1.10;-0.00;2.80;0.00;0.00;3.75;0.00;0.00;1.57;0.00;-13.26;-5.67;-222.59;-101.47
32.17;3.45;0.48;3.80;0.88;1.10;0.00;2.80;0.00;0.00;3.75;0.00;0.00;1.57;0.00;-12.85;-5.26;-216.47;-95.31
32.31;3.48;0.46;3.82;0.72;0.79;-0.00;2.80;0.00;0.00;3.75;0.00;0.00;1.57;0.00;-20.01;-8.33;-324.13;-141.68
32.44;3.51;0.47;3.81;0.59;0.79;0.00;2.80;0.00;0.00;3.75;0.00;0.00;1.57;0.00;-20.18;-8.50;-326.58;-144.15
32.58;3.51;0.41;3.79;0.46;0.45;-0.00;2.80;0.00;0.00;3.75;0.00;0.00;1.57;0.00;-25.01;-10.01;-399.19;-167.08
32.71;3.55;0.48;3.83;0.53;0.45;0.00;2.80;0.00;0.00;3.75;0.00;0.00;1.57;0.00;-26.48;-11.49;-421.35;-189.34
32.85;3.53;0.30;3.79;0.30;0.19;-0.00;2.80;0.00;0.00;3.75;0.00;0.00;1.57;0.00;-27.52;-11.13;-436.92;-183.99
32.98;3.57;0.38;3.83;0.38;0.19;0.00;2.80;0.00;0.00;3.75;0.00;0.00;1.57;0.00;-28.76;-12.38;-455.64;-202.79
33.12;3.63;0.76;3.73;-0.25;0.19;0.00;2.80;0.00;0.00;3.75;0.00;0.00;1.57;0.00;-29.90;-13.51;-472.73;-219.95
33.25;3.75;0.95;3.69;-0.33;0.21;0.00;2.80;0.00;0.00;3.75;0.00;0.00;1.57;0.00;-32.45;-16.16;-511.09;-259.88
33.39;3.66;0.24;3.71;0.09;0.21;0.00;2.80;0.00;0.00;3.75;0.00;0.00;1.57;0.00;-30.30;-14.01;-478.80;-227.44
33.52;3.68;0.25;3.73;0.11;0.14;-0.00;2.80;0.00;0.00;3.75;0.00;0.00;1.57;0.00;-31.49;-14.97;-496.64;-242.01
33.66;3.62;0.12;3.73;-0.01;0.14;0.00;2.80;0.00;0.00;3.75;0.00;0.00;1.57;0.00;-29.73;-13.22;-470.24;-215.49
33.79;3.62;0.12;3.73;-0.02;0.08;-0.00;2.80;0.00;0.00;3.75;0.00;0.00;1.57;0.00;-30.14;-13.53;-476.39;-220.15
33.93;3.61;0.07;3.72;-0.04;0.08;0.00;2.80;0.00;0.00;3.75;0.00;0.00;1.57;0.00;-29.74;-13.13;-470.44;-214.17
34.06;3.61;0.03;3.72;-0.03;0.08;0.00;2.80;0.00;0.00;3.75;0.00;0.00;1.57;0.00;-29.62;-13.02;-468.63;-212.43
34.20;3.59;-0.01;3.72;-0.01;0.08;0.00;2.80;0.00;0.00;3.75;0.00;0.00;1.57;0.00;-29.33;-12.73;-464.27;-208.05
34.33;3.59;-0.01;3.72;-0.00;0.09;0.00;2.80;0.00;0.00;3.75;0.00;0.00;1.57;0.00;-29.17;-12.58;-461.81;-205.81
34.47;3.59;-0.01;3.72;0.00;0.09;0.00;2.80;0.00;0.00;3.75;0.00;0.00;1.57;0.00;-29.09;-12.50;-460.65;-204.64
34.60;3.59;-0.00;3.72;0.00;0.09;0.00;2.80;0.00;0.00;3.75;0.00;0.00;1.57;0.00;-29.12;-12.53;-461.09;-205.08
34.74;3.59;-0.01;3.72;0.00;0.09;0.00;2.80;0.00;0.00;3.75;0.00;0.00;1.57;0.00;-29.12;-12.53;-461.09;-205.08
34.87;3.59;-0.00;3.72;0.00;0.09;0.00;2.80;0.00;0.00;3.75;0.00;0.00;1.57;0.00;-29.15;-12.56;-461.49;-205.48
35.00;3.59;-0.01;3.72;0.00;0.09;0.00;2.80;0.00;0.00;3.75;0.00;0.00;1.57;0.00;-29.12;-12.53;-461.09;-205.08
35.14;3.59;-0.00;3.72;0.00;0.09;0.00;2.80;0.00;0.00;3.75;0.00;0.00;1.57;0.00;-29.15;-12.56;-461.49;-205.48
35.27;3.59;-0.01;3.72;0.00;0.09;-0.00;2.80;0.00;0.00;3.75;0.00;0.00;1.57;0.00;-29.13;-12.54;-461.27;-205.18
35.41;3.59;-0.00;3.72;0.00;0.09;0.00;2.80;0.00;0.00;3.75;0.00;0.00;1.57;0.00;-29.16;-12.56;-461.67;-205.58
35.54;3.59;-0.01;3.72;0.00;0.09;0.00;2.80;0.00;0.00;3.75;0.00;0.00;1.57;0.00;-29.13;-12.54;-461.27;-205.18
35.68;3.59;-0.00;3.72;0.00;0.09;0.00;2.80;0.00;0.00;3.75;0.00;0.00;1.57;0.00;-29.16;-12.56;-461.67;-205.58
35.81;3.59;-0.00;3.72;0.00;0.09;-0.00;2.80;0.00;0.00;3.75;0.00;0.00;1.57;0.00;-29.15;-12.54;-461.44;-205.28
35.95;3.59;0.00;3.72;0.00;0.09;0.00;2.80;0.00;0.00;3.75;0.00;0.00;1.57;0.00;-29.17;-12.57;-461.84;-205.68
36.08;3.59;0.00;3.72;0.00;0.09;0.00;2.80;0.00;0.00;3.75;0.00;0.00;1.57;0.00;-29.17;-12.57;-461.84;-205.68
36.22;3.59;0.00;3.72;0.00;0.09;0.00;2.80;0.00;0.00;3.75;0.00;0.00;1.57;0.00;-29.17;-12.57;-461.84;-205.68
36.35;3.59;0.00;3.72;0.00;0.09;0.00;2.80;0.00;0.00;3.75;0.00;0.00;1.57;0.00;-29.17;-12.57;-461.84;-205.68
36.49;3.59;0.00;3.72;0.00;0.09;0.00;2.80;0.00;0.00;3.75;0.00;0.00;1.57;0.00;-29.17;-12.57;-461.84;-205.68
36.62;3.66;0.45;3.74;0.12;0.40;0.00;2.80;0.00;0.00;3.75;0.00;0.00;1.57;0.00;-28.61;-13.29;-453.31;-216.52
36.76;3.74;0.62;3.76;0.17;0.40;0.00;2.80;0.00;0.00;3.75;0.00;0.00;1.57;0.00;-30.76;-15.44;-485.75;-249.10
36.89;3.88;1.26;3.80;0.33;0.40;0.00;2.80;0.00;0.00;3.75;0.00;0.00;1.57;0.00;-34.70;-19.38;-544.98;-308.60
37.03;4.07;1.55;3.85;0.40;1.01;0.00;2.80;0.00;0.00;3.75;0.00;0.00;1.57;0.00;-24.74;-15.86;-395.16;-255.35
37.16;3.87;0.04;3.80;0.02;1.01;0.00;2.80;0.00;0.00;3.75;0.00;0.00;1.57;0.00;-20.68;-11.80;-334.14;-194.05
37.30;3.85;0.02;3.80;0.02;1.01;0.00;2.80;0.00;0.00;3.75;0.00;0.00;1.57;0.00;-20.29;-11.48;-328.30;-189.30
37.43;3.79;0.18;3.78;0.05;1.01;0.00;2.80;0.00;0.00;3.75;0.00;0.00;1.57;0.00;-18.97;-10.16;-308.40;-169.31
37.57;3.80;0.15;3.78;0.04;1.02;0.00;2.80;0.00;0.00;3.75;0.00;0.00;1.57;0.00;-19.08;-10.35;-310.08;-172.12
37.70;3.78;-0.00;3.78;0.00;1.02;0.00;2.80;0.00;0.00;3.75;0.00;0.00;1.57;0.00;-18.62;-9.89;-303.20;-165.21
37.84;3.77;-0.01;3.77;0.00;1.02;0.00;2.80;0.00;0.00;3.75;0.00;0.00;1.57;0.00;-18.42;-9.71;-300.08;-162.45
37.97;3.77;0.00;3.77;0.00;1.02;0.00;2.80;0.00;0.00;3.75;0.00;0.00;1.57;0.00;-18.32;-9.61;-298.69;-161.05
38.11;3.76;-0.02;3.77;-0.01;1.03;0.00;2.80;0.00;0.00;3.75;0.00;0.00;1.57;0.00;-18.05;-9.44;-294.57;-158.41
38.24;3.76;-0.03;3.77;-0.01;1.03;0.00;2.80;0.00;0.00;3.75;0.00;0.00;1.57;0.00;-17.98;-9.38;-293.60;-157.44
38.38;3.76;-0.01;3.77;-0.00;1.02;-0.00;2.80;0.00;0.00;3.75;0.00;0.00;1.57;0.00;-18.10;-9.44;-295.32;-158.41
38.51;3.76;-0.01;3.77;-0.01;1.02;0.00;2.80;0.00;0.00;3.75;0.00;0.00;1.57;0.00;-18.08;-9.43;-295.11;-158.20
38.65;3.68;-0.50;3.75;-0.14;1.02;0.00;2.80;0.00;0.00;3.75;0.00;0.00;1.57;0.00;-16.48;-7.82;-270.91;-133.89
38.78;3.60;-0.68;3.73;-0.19;0.10;-0.00;2.80;0.00;0.00;3.75;0.00;0.00;1.57;0.00;-29.44;-12.86;-465.87;-210.15
38.92;3.47;-1.13;3.69;-0.32;0.10;0.00;2.80;0.00;0.00;3.75;0.00;0.00;1.57;0.00;-25.95;-9.37;-413.31;-157.35
39.05;3.31;-1.28;3.65;-0.37;0.12;0.00;2.80;0.00;0.00;3.75;0.00;0.00;1.57;0.00;-21.47;-4.91;-345.96;-89.99
39.19;3.50;-0.06;3.70;-0.02;0.12;0.00;2.80;0.00;0.00;3.75;0.00;0.00;1.57;0.00;-26.66;-10.10;-424.04;-168.42
39.32;3.52;-0.06;3.70;-0.02;0.11;-0.00;2.80;0.00;0.00;3.75;0.00;0.00;1.57;0.00;-27.26;-10.69;-433.02;-177.30
39.45;3.56;-0.17;3.72;-0.04;0.11;0.00;2.80;0.00;0.00;3.75;0.00;0.00;1.57;0.00;-28.44;-11.87;-450.82;-195.18
39.59;3.56;-0.09;3.72;-0.02;0.10;-0.00;2.80;0.00;0.00;3.75;0.00;0.00;1.57;0.00;-28.36;-11.78;-449.70;-193.81
39.72;3.58;0.01;3.72;0.00;0.10;0.00;2.80;0.00;0.00;3.75;0.00;0.00;1.57;0.00;-28.77;-12.19;-455.84;-199.99
39.86;3.59;0.01;3.72;0.00;0.09;-0.00;2.80;0.00;0.00;3.75;0.00;0.00;1.57;0.00;-29.07;-12.48;-460.29;-204.28
39.99;3.59;0.00;3.72;0.00;0.09;0.00;2.80;0.00;0.00;3.75;0.00;0.00;1.57;0.00;-29.18;-12.58;-461.88;-205.89
40.13;3.59;0.01;3.73;0.01;0.09;0.00;2.80;0.00;0.00;3.75;0.00;0.00;1.57;0.00;-29.18;-12.59;-461.96;-205.96
40.26;3.59;0.01;3.73;0.01;0.09;0.00;2.80;0.00;0.00;3.75;0.00;0.00;1.57;0.00;-29.24;-12.65;-462.83;-206.84
40.40;3.59;0.01;3.73;0.01;0.09;-0.00;2.80;0.00;0.00;3.75;0.00;0.00;1.57;0.00;-29.26;-12.66;-463.18;-207.03
40.53;3.59;0.01;3.73;0.01;0.09;0.00;2.80;0.00;0.00;3.75;0.00;0.00;1.57;0.00;-29.28;-12.68;-463.44;-207.37
40.67;3.59;-0.01;3.73;-0.01;0.09;0.00;2.80;0.00;0.00;3.75;0.00;0.00;1.57;0.00;-29.19;-12.59;-462.14;-20