=~=~=~=~=~=~=~=~=~=~=~= PuTTY log 2024.07.18 17:11:54 =~=~=~=~=~=~=~=~=~=~=~=
0.13;1.84;0.01;0.35;-0.00;0.00;0.00;0.00;0.00;0.00;0.00;0.00;0.00;0.00;0.00;0.00;0.00;-23.16;-15.82
0.26;1.83;-0.01;0.35;0.00;0.90;0.00;0.00;0.00;0.00;0.00;0.00;0.00;0.00;0.00;0.00;0.00;-23.16;-15.82
0.39;1.83;-0.01;0.35;0.00;0.90;0.00;0.00;0.00;0.00;0.00;0.00;0.00;0.00;0.00;0.00;0.00;-23.16;-15.82
0.53;1.83;0.00;0.35;0.01;0.90;0.00;0.00;0.00;0.00;0.00;0.00;0.00;0.00;0.00;0.00;0.00;-23.16;-15.82
0.66;1.83;0.00;0.35;0.01;0.90;-0.00;0.00;0.00;0.00;0.00;0.00;0.00;0.00;0.00;0.00;0.00;-23.16;-15.82
0.80;1.83;-0.01;0.35;-0.00;0.90;0.00;0.00;0.00;0.00;0.00;0.00;0.00;0.00;0.00;0.00;0.00;-23.16;-15.82
0.93;1.83;-0.01;0.35;-0.00;0.90;0.00;0.00;0.00;0.00;0.00;0.00;0.00;0.00;0.00;0.00;0.00;-23.16;-15.82
1.06;1.83;0.01;0.35;-0.01;0.90;0.00;0.00;0.00;0.00;0.00;0.00;0.00;0.00;0.00;0.00;0.00;-23.16;-15.82
1.20;1.84;0.01;0.35;-0.01;0.90;0.00;0.00;0.00;0.00;0.00;0.00;0.00;0.00;0.00;0.00;0.00;-23.16;-15.82
1.33;1.83;-0.01;0.35;0.02;0.90;0.00;0.00;0.00;0.00;0.00;0.00;0.00;0.00;0.00;0.00;0.00;-23.16;-15.82
1.46;1.83;-0.00;0.35;0.01;0.90;-0.00;0.00;0.00;0.00;0.00;0.00;0.00;0.00;0.00;0.00;0.00;-23.16;-15.82
1.60;1.83;0.01;0.35;-0.01;0.90;0.00;0.00;0.00;0.00;0.00;0.00;0.00;0.00;0.00;0.00;0.00;-23.16;-15.82
1.73;1.83;-0.01;0.35;-0.00;0.90;-0.00;0.00;0.00;0.00;0.00;0.00;0.00;0.00;0.00;0.00;0.00;-23.16;-15.82
1.86;1.83;-0.03;0.35;0.00;0.90;0.00;0.00;0.00;0.00;0.00;0.00;0.00;0.00;0.00;0.00;0.00;-23.16;-15.82
2.00;1.83;0.00;0.35;0.00;0.90;-0.00;0.00;0.00;0.00;0.00;0.00;0.00;0.00;0.00;0.00;0.00;-23.16;-15.82
2.13;1.83;0.01;0.35;0.00;0.90;0.00;0.00;0.00;0.00;0.00;0.00;0.00;0.00;0.00;0.00;0.00;-23.16;-15.82
2.27;1.84;0.01;0.35;-0.01;0.90;0.00;0.00;0.00;0.00;0.00;0.00;0.00;0.00;0.00;0.00;0.00;-23.16;-15.82
2.40;1.84;0.01;0.35;-0.01;0.90;0.00;0.00;0.00;0.00;0.00;0.00;0.00;0.00;0.00;0.00;0.00;-23.16;-15.82
2.54;1.83;0.00;0.35;0.01;0.90;0.00;0.00;0.00;0.00;0.00;0.00;0.00;0.00;0.00;0.00;0.00;-23.16;-15.82
2.67;1.83;-0.00;0.35;0.01;0.90;0.00;0.00;0.00;0.00;0.00;0.00;0.00;0.00;0.00;0.00;0.00;-23.16;-15.82
2.80;1.84;0.01;0.35;-0.01;0.90;0.00;0.00;0.00;0.00;0.00;0.00;0.00;0.00;0.00;0.00;0.00;-23.16;-15.82
2.94;1.84;0.01;0.35;-0.02;0.90;0.00;0.00;0.00;0.00;0.00;0.00;0.00;0.00;0.00;0.00;0.00;-23.16;-15.82
3.07;1.84;0.00;0.35;-0.00;0.90;0.00;0.00;0.00;0.00;0.00;0.00;0.00;0.00;0.00;0.00;0.00;-23.16;-15.82
3.20;1.84;0.00;0.35;-0.00;0.91;0.00;0.00;0.00;0.00;0.00;0.00;0.00;0.00;0.00;0.00;0.00;-23.16;-15.82
3.34;1.84;0.01;0.35;-0.01;0.91;0.00;0.00;0.00;0.00;0.00;0.00;0.00;0.00;0.00;0.00;0.00;-23.16;-15.82
3.47;1.84;0.01;0.35;-0.01;0.90;-0.00;0.00;0.00;0.00;0.00;0.00;0.00;0.00;0.00;0.00;0.00;-23.16;-15.82
3.61;1.84;0.00;0.35;0.01;0.90;0.00;0.00;0.00;0.00;0.00;0.00;0.00;0.00;0.00;0.00;0.00;-23.16;-15.82
3.74;1.84;0.00;0.35;0.00;0.91;0.00;0.00;0.00;0.00;0.00;0.00;0.00;0.00;0.00;0.00;0.00;-23.16;-15.82
3.87;1.84;0.01;0.35;-0.01;0.91;0.00;0.00;0.00;0.00;0.00;0.00;0.00;0.00;0.00;0.00;0.00;-23.16;-15.82
4.01;1.84;-0.00;0.35;0.00;0.91;-0.00;2.80;0.00;0.00;0.30;0.00;0.00;1.57;0.00;9.72;19.98;123.06;286.06
4.14;1.83;-0.04;0.35;0.03;0.91;0.00;2.80;0.00;0.00;0.37;0.00;0.00;1.57;0.00;11.15;21.41;144.52;307.62
4.28;1.83;-0.01;0.35;0.01;0.91;0.00;2.80;0.00;0.00;0.44;0.00;0.00;1.57;0.00;12.48;22.67;164.47;326.62
4.41;1.83;-0.01;0.35;0.01;0.91;0.00;2.80;0.00;0.00;0.50;0.00;0.00;1.57;0.00;13.86;24.06;185.34;347.58
4.54;1.84;0.03;0.35;0.01;0.95;0.00;2.80;0.00;0.00;0.57;0.00;0.00;1.57;0.00;14.72;24.40;198.16;352.70
4.68;1.85;0.03;0.35;0.01;1.02;0.00;2.80;0.00;0.00;0.64;0.00;0.00;1.57;0.00;15.42;24.18;208.74;349.43
4.81;1.85;-0.00;0.40;0.29;1.02;0.00;2.80;0.00;0.00;0.71;0.00;0.00;1.57;0.00;15.93;24.69;216.41;357.14
4.95;1.85;0.02;0.43;0.26;1.09;0.00;2.80;0.00;0.00;0.77;0.00;0.00;1.57;0.00;15.93;23.60;216.45;340.74
5.08;1.85;0.02;0.43;0.08;1.09;0.00;2.80;0.00;0.00;0.84;0.00;0.00;1.57;0.00;17.62;25.29;241.88;366.28
5.22;1.85;0.03;0.45;0.22;1.17;0.00;2.80;0.00;0.00;0.91;0.00;0.00;1.57;0.00;17.81;24.26;244.59;350.71
5.35;1.86;-0.00;0.47;0.08;1.17;0.00;2.80;0.00;0.00;0.98;0.00;0.00;1.57;0.00;18.96;25.42;262.00;368.19
5.49;1.86;-0.03;0.49;0.01;1.26;0.00;2.80;0.00;0.00;1.04;0.00;0.00;1.57;0.00;19.14;24.18;264.73;349.51
5.62;1.86;0.04;0.51;0.06;1.26;0.00;2.80;0.00;0.00;1.11;0.00;0.00;1.57;0.00;20.41;25.45;283.79;368.65
5.76;1.88;0.11;0.54;0.11;1.33;0.00;2.80;0.00;0.00;1.18;0.00;0.00;1.57;0.00;20.31;24.23;282.30;350.23
5.89;1.89;0.08;0.61;0.29;1.33;0.00;2.80;0.00;0.00;1.24;0.00;0.00;1.57;0.00;20.13;24.05;279.61;347.53
6.03;1.84;-0.16;0.72;0.49;1.74;0.00;2.80;0.00;0.00;1.31;0.00;0.00;1.57;0.00;12.70;9.95;167.80;134.45
6.16;1.81;-0.18;0.79;0.43;1.74;0.00;2.80;0.00;0.00;1.38;0.00;0.00;1.57;0.00;12.42;9.67;163.63;130.27
6.29;1.83;-0.00;0.85;0.37;1.83;0.00;2.80;0.00;0.00;1.45;0.00;0.00;1.57;0.00;10.98;6.69;141.96;85.31
6.43;1.83;-0.02;0.90;0.41;1.83;0.00;2.80;0.00;0.00;1.51;0.00;0.00;1.57;0.00;11.28;6.99;146.43;89.80
6.56;1.83;-0.03;0.95;0.41;1.60;-0.00;2.80;0.00;0.00;1.58;0.00;0.00;1.57;0.00;16.18;15.69;220.16;221.14
6.70;1.87;0.13;0.99;0.30;1.77;0.00;2.80;0.00;0.00;1.65;0.00;0.00;1.57;0.00;14.03;10.73;187.81;146.34
6.83;1.89;0.19;1.05;0.39;1.77;0.00;2.80;0.00;0.00;1.72;0.00;0.00;1.57;0.00;14.15;10.86;189.63;148.18
6.97;1.91;0.21;1.09;0.43;1.77;0.00;2.80;0.00;0.00;1.78;0.00;0.00;1.57;0.00;15.01;11.71;202.54;161.14
7.10;1.97;0.27;1.18;0.42;1.77;0.00;2.80;0.00;0.00;1.85;0.00;0.00;1.57;0.00;14.84;11.55;200.06;158.65
7.24;1.99;0.22;1.22;0.35;1.90;0.00;2.80;0.00;0.00;1.92;0.00;0.00;1.57;0.00;13.39;8.05;178.19;105.72
7.37;1.95;0.11;1.23;0.40;1.90;0.00;2.80;0.00;0.00;1.98;0.00;0.00;1.57;0.00;14.47;9.12;194.38;121.99
7.50;1.96;0.11;1.28;0.32;1.73;-0.00;2.80;0.00;0.00;2.05;0.00;0.00;1.57;0.00;18.10;15.41;249.02;216.91
7.64;1.98;0.14;1.31;0.21;1.73;0.00;2.80;0.00;0.00;2.12;0.00;0.00;1.57;0.00;19.07;16.37;263.57;231.53
7.77;2.00;0.16;1.35;0.21;1.52;-0.00;2.80;0.00;0.00;2.19;0.00;0.00;1.57;0.00;22.94;23.81;321.79;343.87
7.91;2.03;0.16;1.38;0.22;1.52;0.00;2.80;0.00;0.00;2.25;0.00;0.00;1.57;0.00;23.85;24.72;335.50;357.64
8.04;2.13;0.70;1.40;0.23;1.09;-0.00;2.80;0.00;0.00;2.32;0.00;0.00;1.57;0.00;26.11;33.85;369.42;495.57
8.18;2.23;0.66;1.44;0.31;1.09;0.00;2.80;0.00;0.00;2.39;0.00;0.00;1.57;0.00;25.61;33.36;361.98;488.10
8.31;2.21;0.18;1.48;0.20;0.92;-0.00;2.80;0.00;0.00;2.46;0.00;0.00;1.57;0.00;25.25;35.35;356.49;518.11
8.45;2.23;0.18;1.51;0.23;0.76;-0.00;2.80;0.00;0.00;2.52;0.00;0.00;1.57;0.00;23.70;35.77;333.29;524.56
8.58;2.26;0.37;1.54;0.28;0.76;0.00;2.80;0.00;0.00;2.59;0.00;0.00;1.57;0.00;23.61;35.68;331.83;523.10
8.72;2.33;0.47;1.59;0.34;0.62;-0.00;2.80;0.00;0.00;2.66;0.00;0.00;1.57;0.00;20.07;33.66;278.65;492.58
8.85;2.38;0.34;1.61;0.24;0.62;0.00;2.80;0.00;0.00;2.73;0.00;0.00;1.57;0.00;19.64;33.23;272.18;486.08
8.99;2.41;0.34;1.64;0.25;0.58;-0.00;2.80;0.00;0.00;2.79;0.00;0.00;1.57;0.00;18.45;32.40;254.34;473.61
9.12;2.37;0.06;1.66;0.16;0.58;0.00;2.80;0.00;0.00;2.86;0.00;0.00;1.57;0.00;20.22;34.16;280.87;500.25
9.26;2.38;0.05;1.69;0.14;0.61;0.00;2.80;0.00;0.00;2.93;0.00;0.00;1.57;0.00;21.28;34.98;296.78;512.56
9.39;2.41;0.25;1.75;0.40;0.61;0.00;2.80;0.00;0.00;3.00;0.00;0.00;1.57;0.00;20.66;34.36;287.49;503.23
9.53;2.46;0.24;1.78;0.24;0.59;-0.00;2.80;0.00;0.00;3.06;0.00;0.00;1.57;0.00;19.57;33.46;271.19;489.56
9.66;2.49;0.20;1.79;0.11;0.59;0.00;2.80;0.00;0.00;3.13;0.00;0.00;1.57;0.00;19.77;33.65;274.15;492.53
9.80;2.52;0.34;1.84;0.48;0.62;0.00;2.80;0.00;0.00;3.20;0.00;0.00;1.57;0.00;20.34;33.87;282.68;495.86
9.93;2.57;0.39;1.92;0.59;0.62;0.00;2.80;0.00;0.00;3.27;0.00;0.00;1.57;0.00;19.02;32.56;262.91;476.00
10.07;2.59;0.26;1.95;0.29;0.64;0.00;2.80;0.00;0.00;3.33;0.00;0.00;1.57;0.00;19.85;33.21;275.36;485.91
10.20;2.63;0.34;2.00;0.36;0.65;0.00;2.80;0.00;0.00;3.40;0.00;0.00;1.57;0.00;19.66;32.90;272.49;481.18
10.34;2.67;0.30;2.02;0.31;0.65;0.00;2.80;0.00;0.00;3.47;0.00;0.00;1.57;0.00;19.71;32.95;273.21;481.90
10.47;2.71;0.29;2.07;0.34;0.67;0.00;2.80;0.00;0.00;3.54;0.00;0.00;1.57;0.00;19.92;32.94;276.38;481.83
10.61;2.74;0.41;2.10;0.46;0.67;0.00;2.80;0.00;0.00;3.60;0.00;0.00;1.57;0.00;19.62;32.64;271.85;477.28
10.74;2.82;0.49;2.16;0.49;0.66;-0.00;2.80;0.00;0.00;3.67;0.00;0.00;1.57;0.00;17.88;31.02;245.77;452.73
10.88;2.92;0.69;2.11;0.06;0.66;0.00;2.80;0.00;0.00;3.74;0.00;0.00;1.57;0.00;17.77;30.91;244.10;451.05
11.01;3.04;0.79;2.10;-0.01;0.67;0.00;2.80;0.00;0.00;3.75;0.00;0.00;1.57;0.00;15.94;29.00;216.51;422.25
11.15;3.14;0.74;2.09;0.02;0.67;0.00;2.80;0.00;0.00;3.75;0.00;0.00;1.57;0.00;13.84;26.90;184.95;390.54
11.28;3.22;0.75;2.09;0.01;0.63;-0.00;2.80;0.00;0.00;3.75;0.00;0.00;1.57;0.00;10.46;23.89;134.11;345.07
11.41;3.31;0.74;2.08;-0.05;0.63;0.00;2.80;0.00;0.00;3.75;0.00;0.00;1.57;0.00;8.84;22.27;109.81;320.66
11.55;3.38;0.74;2.12;0.15;0.64;0.00;2.80;0.00;0.00;3.75;0.00;0.00;1.57;0.00;6.61;20.03;76.24;286.68
11.68;3.49;0.79;2.16;0.20;0.64;0.00;2.80;0.00;0.00;3.75;0.00;0.00;1.57;0.00;3.72;17.14;32.84;243.07
11.82;3.56;0.72;2.15;0.01;0.57;-0.00;2.80;0.00;0.00;3.75;0.00;0.00;1.57;0.00;-0.79;13.22;-35.01;183.91
11.95;3.66;0.75;2.14;0.02;0.57;0.00;2.80;0.00;0.00;3.75;0.00;0.00;1.57;0.00;-2.96;11.05;-67.72;151.04
12.09;3.72;0.65;2.14;0.08;0.57;0.00;2.80;0.00;0.00;3.75;0.00;0.00;1.57;0.00;-4.31;9.69;-88.05;130.63
12.22;3.80;0.64;2.15;0.09;0.35;-0.00;2.80;0.00;0.00;3.75;0.00;0.00;1.57;0.00;-18.24;-2.59;-297.48;-54.95
12.36;3.87;0.57;2.16;0.10;0.35;0.00;2.80;0.00;0.00;3.75;0.00;0.00;1.57;0.00;-20.00;-4.35;-323.95;-81.54
12.49;3.93;0.51;2.18;0.10;1.05;0.00;2.80;0.00;0.00;3.75;0.00;0.00;1.57;0.00;17.51;25.74;240.17;373.07
12.63;3.67;-0.50;2.23;0.28;1.05;0.00;2.80;0.00;0.00;3.75;0.00;0.00;1.57;0.00;19.68;27.91;272.80;405.84
12.76;3.62;-0.49;2.26;0.15;1.14;0.00;2.80;0.00;0.00;3.75;0.00;0.00;1.57;0.00;23.72;30.61;333.60;446.56
12.90;3.81;0.35;2.23;0.16;1.14;0.00;2.80;0.00;0.00;3.75;0.00;0.00;1.57;0.00;22.29;29.17;311.98;424.85
13.03;3.90;0.44;2.25;0.13;1.33;0.00;2.80;0.00;0.00;3.75;0.00;0.00;1.57;0.00;29.97;33.92;427.58;496.59
13.17;3.99;0.36;2.26;0.18;1.33;0.00;2.80;0.00;0.00;3.75;0.00;0.00;1.57;0.00;29.10;33.05;414.44;483.39
13.30;3.98;0.14;2.32;0.37;1.35;0.00;2.80;0.00;0.00;3.75;0.00;0.00;1.57;0.00;28.33;31.99;402.84;467.46
13.43;3.97;0.04;2.39;0.38;1.35;0.00;2.80;0.00;0.00;3.75;0.00;0.00;1.57;0.00;26.71;30.38;378.52;443.03
13.57;3.97;0.07;2.43;0.34;1.45;0.00;2.80;0.00;0.00;3.75;0.00;0.00;1.57;0.00;29.93;32.02;426.94;467.87
13.70;3.98;0.07;2.47;0.27;1.45;0.00;2.80;0.00;0.00;3.75;0.00;0.00;1.57;0.00;28.84;30.93;410.47;451.33
13.84;3.99;0.08;2.52;0.38;1.49;0.00;2.80;0.00;0.00;3.75;0.00;0.00;1.57;0.00;29.62;30.96;422.26;451.81
13.97;4.00;0.06;2.59;0.58;1.52;0.00;2.80;0.00;0.00;3.75;0.00;0.00;1.57;0.00;28.99;29.80;412.72;434.34
14.11;3.99;0.03;2.62;0.40;1.52;0.00;2.80;0.00;0.00;3.75;0.00;0.00;1.57;0.00;28.04;28.85;398.44;419.99
14.24;3.99;0.00;2.67;0.31;1.63;0.00;2.80;0.00;0.00;3.75;0.00;0.00;1.57;0.00;31.10;30.17;444.46;439.87
14.38;3.98;-0.02;2.69;0.29;1.63;0.00;2.80;0.00;0.00;3.75;0.00;0.00;1.57;0.00;30.53;29.60;435.94;431.31
14.51;3.98;-0.01;2.73;0.33;1.50;-0.00;2.80;0.00;0.00;3.75;0.00;0.00;1.57;0.00;24.25;25.44;341.54;368.54
14.65;4.01;0.09;2.81;0.40;1.50;0.00;2.80;0.00;0.00;3.75;0.00;0.00;1.57;0.00;22.23;23.42;311.08;337.94
14.78;4.03;0.16;2.87;0.53;1.50;0.00;2.80;0.00;0.00;3.75;0.00;0.00;1.57;0.00;20.35;21.55;282.91;309.64
14.92;4.06;0.16;2.96;0.68;1.50;0.00;2.80;0.00;0.00;3.75;0.00;0.00;1.57;0.00;17.99;19.18;247.37;273.93
15.05;4.05;-0.00;2.99;0.46;1.09;-0.00;2.80;0.00;0.00;3.75;0.00;0.00;1.57;0.00;-1.10;6.54;-39.69;83.04
15.19;4.03;-0.01;3.00;0.37;1.09;0.00;2.80;0.00;0.00;3.75;0.00;0.00;1.57;0.00;-1.19;6.46;-41.04;81.69
15.32;4.01;-0.07;3.04;0.43;1.79;0.00;2.80;0.00;0.00;3.75;0.00;0.00;1.57;0.00;27.19;23.58;385.64;340.34
15.46;4.00;-0.04;3.10;0.33;1.79;0.00;2.80;0.00;0.00;3.75;0.00;0.00;1.57;0.00;25.72;22.11;363.54;318.15
15.59;4.01;0.08;3.22;0.66;2.21;0.00;2.80;0.00;0.00;3.75;0.00;0.00;1.57;0.00;35.49;25.53;510.51;369.81
15.73;4.02;0.03;3.32;0.47;2.21;0.00;2.80;0.00;0.00;3.75;0.00;0.00;1.57;0.00;33.61;23.65;482.20;341.37
15.86;4.02;0.05;3.37;0.36;2.21;0.00;2.80;0.00;0.00;3.75;0.00;0.00;1.57;0.00;32.57;22.61;466.68;325.78
15.99;4.02;-0.07;3.41;0.28;1.94;-0.00;2.80;0.00;0.00;3.75;0.00;0.00;1.57;0.00;22.96;17.01;322.03;241.12
16.13;3.93;-0.14;3.38;0.24;1.94;0.00;2.80;0.00;0.00;3.75;0.00;0.00;1.57;0.00;22.90;16.95;321.14;240.23
16.26;3.91;-0.13;3.41;0.26;1.94;0.00;2.80;0.00;0.00;3.75;0.00;0.00;1.57;0.00;21.92;15.98;306.49;225.51
16.40;3.91;-0.06;3.47;0.32;4.54;0.00;2.80;0.00;0.00;3.75;0.00;0.00;1.57;0.00;-0.84;-3.73;-35.80;-72.23
16.53;3.98;0.09;3.58;0.54;4.32;-0.00;2.80;0.00;0.00;3.75;0.00;0.00;1.57;0.00;11.02;4.61;142.55;53.89
16.67;3.95;-0.12;3.70;0.70;4.32;0.00;2.80;0.00;0.00;3.75;0.00;0.00;1.57;0.00;13.81;7.40;184.45;95.98
16.80;3.92;-0.15;3.74;0.50;3.95;-0.00;2.80;0.00;0.00;3.75;0.00;0.00;1.57;0.00;26.33;14.78;372.83;207.40
16.94;3.88;-0.18;3.69;0.14;3.95;0.00;2.80;0.00;0.00;3.75;0.00;0.00;1.57;0.00;24.54;12.98;345.86;180.31
17.07;3.88;-0.10;3.74;0.34;4.19;0.00;2.80;0.00;0.00;3.75;0.00;0.00;1.57;0.00;18.36;10.03;252.91;135.63
17.21;3.88;-0.07;3.81;0.40;4.19;0.00;2.80;0.00;0.00;3.75;0.00;0.00;1.57;0.00;20.01;11.67;277.68;160.50
17.34;3.87;-0.11;3.84;0.27;4.23;0.00;2.80;0.00;0.00;3.75;0.00;0.00;1.57;0.00;19.31;11.51;267.25;158.10
17.48;3.85;-0.12;3.87;0.26;4.23;0.00;2.80;0.00;0.00;3.75;0.00;0.00;1.57;0.00;19.83;12.03;275.07;165.96
17.61;3.89;0.07;3.84;0.10;4.33;0.00;2.80;0.00;0.00;3.75;0.00;0.00;1.57;0.00;16.25;10.03;221.14;135.69
17.75;3.90;0.08;3.86;0.10;4.36;0.00;2.80;0.00;0.00;3.75;0.00;0.00;1.57;0.00;15.66;9.91;212.35;133.83
17.88;3.92;0.06;3.83;0.02;4.36;0.00;2.80;0.00;0.00;3.75;0.00;0.00;1.57;0.00;15.19;9.43;205.26;126.70
18.02;3.93;0.06;3.83;0.02;4.37;0.00;2.80;0.00;0.00;3.75;0.00;0.00;1.57;0.00;14.88;9.32;200.63;124.95
18.15;3.92;0.04;3.83;0.03;4.37;0.00;2.80;0.00;0.00;3.75;0.00;0.00;1.57;0.00;14.85;9.28;200.10;124.41
18.29;3.94;0.14;3.83;-0.09;4.28;-0.00;2.80;0.00;0.00;3.75;0.00;0.00;1.57;0.00;18.19;11.15;250.45;152.63
18.42;4.06;0.60;3.71;-0.74;4.28;0.00;2.80;0.00;0.00;3.75;0.00;0.00;1.57;0.00;16.59;9.55;226.30;128.38
18.56;4.09;0.37;3.65;-0.52;4.28;0.00;2.80;0.00;0.00;3.75;0.00;0.00;1.57;0.00;15.66;8.64;212.31;114.72
18.69;4.01;-0.07;3.75;0.06;4.28;0.00;2.80;0.00;0.00;3.75;0.00;0.00;1.57;0.00;17.03;10.02;233.00;135.50
18.83;3.98;-0.03;3.79;0.04;4.27;-0.00;2.80;0.00;0.00;3.75;0.00;0.00;1.57;0.00;18.18;10.98;250.28;150.08
1