=~=~=~=~=~=~=~=~=~=~=~= PuTTY log 2024.07.18 17:13:10 =~=~=~=~=~=~=~=~=~=~=~=
0.13;1.85;-0.02;0.35;0.01;0.00;0.00;0.00;0.00;0.00;0.00;0.00;0.00;0.00;0.00;0.00;0.00;-23.16;-15.82
0.26;1.85;-0.01;0.35;0.00;0.71;0.00;0.00;0.00;0.00;0.00;0.00;0.00;0.00;0.00;0.00;0.00;-23.16;-15.82
0.40;1.86;0.01;0.35;-0.00;0.71;0.00;0.00;0.00;0.00;0.00;0.00;0.00;0.00;0.00;0.00;0.00;-23.16;-15.82
0.53;1.86;0.01;0.35;0.00;0.71;0.00;0.00;0.00;0.00;0.00;0.00;0.00;0.00;0.00;0.00;0.00;-23.16;-15.82
0.66;1.86;0.01;0.35;0.00;0.71;0.00;0.00;0.00;0.00;0.00;0.00;0.00;0.00;0.00;0.00;0.00;-23.16;-15.82
0.80;1.86;-0.01;0.35;0.00;0.71;-0.00;0.00;0.00;0.00;0.00;0.00;0.00;0.00;0.00;0.00;0.00;-23.16;-15.82
0.93;1.85;-0.01;0.35;0.00;0.71;0.00;0.00;0.00;0.00;0.00;0.00;0.00;0.00;0.00;0.00;0.00;-23.16;-15.82
1.06;1.86;0.01;0.35;0.00;0.71;0.00;0.00;0.00;0.00;0.00;0.00;0.00;0.00;0.00;0.00;0.00;-23.16;-15.82
1.20;1.86;0.01;0.35;0.00;0.71;0.00;0.00;0.00;0.00;0.00;0.00;0.00;0.00;0.00;0.00;0.00;-23.16;-15.82
1.33;1.86;0.00;0.35;0.01;0.71;-0.00;0.00;0.00;0.00;0.00;0.00;0.00;0.00;0.00;0.00;0.00;-23.16;-15.82
1.47;1.86;-0.00;0.35;0.01;0.71;0.00;0.00;0.00;0.00;0.00;0.00;0.00;0.00;0.00;0.00;0.00;-23.16;-15.82
1.60;1.86;0.00;0.35;0.00;0.71;0.00;0.00;0.00;0.00;0.00;0.00;0.00;0.00;0.00;0.00;0.00;-23.16;-15.82
1.73;1.86;0.00;0.35;0.00;0.71;-0.00;0.00;0.00;0.00;0.00;0.00;0.00;0.00;0.00;0.00;0.00;-23.16;-15.82
1.87;1.86;0.00;0.35;0.01;0.71;0.00;0.00;0.00;0.00;0.00;0.00;0.00;0.00;0.00;0.00;0.00;-23.16;-15.82
2.00;1.86;0.00;0.35;0.01;0.71;-0.00;0.00;0.00;0.00;0.00;0.00;0.00;0.00;0.00;0.00;0.00;-23.16;-15.82
2.14;1.86;0.01;0.35;0.00;0.71;0.00;0.00;0.00;0.00;0.00;0.00;0.00;0.00;0.00;0.00;0.00;-23.16;-15.82
2.27;1.86;0.00;0.35;0.00;0.71;0.00;0.00;0.00;0.00;0.00;0.00;0.00;0.00;0.00;0.00;0.00;-23.16;-15.82
2.40;1.86;-0.01;0.35;0.00;0.71;0.00;0.00;0.00;0.00;0.00;0.00;0.00;0.00;0.00;0.00;0.00;-23.16;-15.82
2.54;1.86;0.00;0.35;0.00;0.71;-0.00;0.00;0.00;0.00;0.00;0.00;0.00;0.00;0.00;0.00;0.00;-23.16;-15.82
2.67;1.86;0.01;0.35;0.00;0.71;0.00;0.00;0.00;0.00;0.00;0.00;0.00;0.00;0.00;0.00;0.00;-23.16;-15.82
2.80;1.86;0.00;0.35;-0.01;0.71;0.00;0.00;0.00;0.00;0.00;0.00;0.00;0.00;0.00;0.00;0.00;-23.16;-15.82
2.94;1.86;0.00;0.35;-0.01;0.71;0.00;0.00;0.00;0.00;0.00;0.00;0.00;0.00;0.00;0.00;0.00;-23.16;-15.82
3.07;1.86;0.00;0.35;0.00;0.71;-0.00;0.00;0.00;0.00;0.00;0.00;0.00;0.00;0.00;0.00;0.00;-23.16;-15.82
3.20;1.86;0.00;0.35;0.00;0.71;0.00;0.00;0.00;0.00;0.00;0.00;0.00;0.00;0.00;0.00;0.00;-23.16;-15.82
3.34;1.86;0.00;0.35;0.00;0.71;0.00;0.00;0.00;0.00;0.00;0.00;0.00;0.00;0.00;0.00;0.00;-23.16;-15.82
3.47;1.86;0.00;0.35;0.00;0.71;-0.00;0.00;0.00;0.00;0.00;0.00;0.00;0.00;0.00;0.00;0.00;-23.16;-15.82
3.61;1.86;-0.01;0.35;0.00;0.71;0.00;0.00;0.00;0.00;0.00;0.00;0.00;0.00;0.00;0.00;0.00;-23.16;-15.82
3.74;1.85;-0.01;0.35;-0.00;0.71;0.00;0.00;0.00;0.00;0.00;0.00;0.00;0.00;0.00;0.00;0.00;-23.16;-15.82
3.87;1.86;0.01;0.35;-0.01;0.71;0.00;0.00;0.00;0.00;0.00;0.00;0.00;0.00;0.00;0.00;0.00;-23.16;-15.82
4.01;1.86;0.01;0.35;-0.01;0.71;0.00;2.80;0.00;0.00;0.30;0.00;0.00;1.57;0.00;11.92;24.51;156.05;354.50
4.14;1.86;0.01;0.35;0.03;0.71;0.00;2.80;0.00;0.00;0.37;0.00;0.00;1.57;0.00;13.06;25.66;173.20;371.72
4.28;1.86;0.01;0.35;0.02;0.72;0.00;2.80;0.00;0.00;0.44;0.00;0.00;1.57;0.00;14.14;26.72;189.45;387.77
4.41;1.86;0.00;0.35;0.00;0.72;0.00;2.80;0.00;0.00;0.51;0.00;0.00;1.57;0.00;15.32;27.90;207.17;405.56
4.55;1.86;0.03;0.36;0.06;0.77;0.00;2.80;0.00;0.00;0.57;0.00;0.00;1.57;0.00;15.97;27.96;217.04;406.58
4.68;1.86;0.00;0.37;0.09;0.77;0.00;2.80;0.00;0.00;0.64;0.00;0.00;1.57;0.00;16.93;28.92;231.37;420.97
4.81;1.87;0.05;0.39;0.09;0.81;0.00;2.80;0.00;0.00;0.71;0.00;0.00;1.57;0.00;17.40;28.85;238.53;420.04
4.95;1.88;0.06;0.40;0.08;0.81;0.00;2.80;0.00;0.00;0.78;0.00;0.00;1.57;0.00;18.35;29.80;252.77;434.34
5.09;1.90;0.08;0.42;0.13;0.86;0.00;2.80;0.00;0.00;0.84;0.00;0.00;1.57;0.00;18.79;29.66;259.44;432.23
5.22;1.92;0.17;0.45;0.26;0.86;0.00;2.80;0.00;0.00;0.91;0.00;0.00;1.57;0.00;19.16;30.03;265.00;437.82
5.35;1.94;0.14;0.48;0.14;0.91;0.00;2.80;0.00;0.00;0.98;0.00;0.00;1.57;0.00;19.40;29.59;268.57;431.20
5.49;1.95;0.09;0.50;0.12;0.96;0.00;2.80;0.00;0.00;1.04;0.00;0.00;1.57;0.00;20.07;29.61;278.68;431.43
5.62;1.96;0.10;0.54;0.19;0.96;0.00;2.80;0.00;0.00;1.11;0.00;0.00;1.57;0.00;20.47;30.01;284.71;437.49
5.76;1.98;0.07;0.57;0.13;1.00;0.00;2.80;0.00;0.00;1.18;0.00;0.00;1.57;0.00;21.07;30.02;293.64;437.69
5.89;1.99;0.07;0.61;0.13;1.00;0.00;2.80;0.00;0.00;1.25;0.00;0.00;1.57;0.00;21.47;30.42;299.67;443.74
6.03;2.01;0.10;0.65;0.20;1.05;0.00;2.80;0.00;0.00;1.31;0.00;0.00;1.57;0.00;21.77;30.02;304.17;437.73
6.16;2.05;0.11;0.72;0.27;1.05;0.00;2.80;0.00;0.00;1.38;0.00;0.00;1.57;0.00;21.15;29.41;294.90;428.42
6.30;2.04;0.08;0.81;0.46;1.02;-0.00;2.80;0.00;0.00;1.45;0.00;0.00;1.57;0.00;20.76;29.52;289.07;430.12
6.43;2.02;0.01;0.93;0.61;1.02;0.00;2.80;0.00;0.00;1.52;0.00;0.00;1.57;0.00;19.73;28.49;273.53;414.52
6.57;2.02;0.02;0.97;0.37;0.90;-0.00;2.80;0.00;0.00;1.58;0.00;0.00;1.57;0.00;20.61;30.98;286.70;452.17
6.70;2.02;0.01;1.00;0.29;0.90;0.00;2.80;0.00;0.00;1.65;0.00;0.00;1.57;0.00;21.38;31.76;298.37;463.90
6.84;2.12;0.36;0.90;-0.08;0.94;0.00;2.80;0.00;0.00;1.72;0.00;0.00;1.57;0.00;23.48;33.32;329.86;487.49
6.97;2.18;0.41;0.86;-0.18;0.94;0.00;2.80;0.00;0.00;1.78;0.00;0.00;1.57;0.00;24.68;34.53;348.03;505.75
7.10;2.23;0.25;0.93;0.30;0.94;0.00;2.80;0.00;0.00;1.85;0.00;0.00;1.57;0.00;23.82;33.67;335.11;492.77
7.24;2.27;0.34;0.98;0.34;0.73;-0.00;2.80;0.00;0.00;1.92;0.00;0.00;1.57;0.00;20.91;33.37;291.26;488.29
7.37;2.31;0.48;0.95;0.03;0.73;0.00;2.80;0.00;0.00;1.99;0.00;0.00;1.57;0.00;21.93;34.39;306.55;503.66
7.51;2.37;0.43;0.95;-0.04;0.73;0.00;2.80;0.00;0.00;2.05;0.00;0.00;1.57;0.00;21.89;34.36;306.07;503.17
7.64;2.41;0.25;0.93;-0.08;0.62;-0.00;2.80;0.00;0.00;2.12;0.00;0.00;1.57;0.00;20.30;33.82;282.11;495.03
7.78;2.39;0.35;0.93;-0.11;0.58;-0.00;2.80;0.00;0.00;2.19;0.00;0.00;1.57;0.00;20.73;34.63;288.54;507.24
7.91;2.41;0.32;0.95;-0.07;0.58;0.00;2.80;0.00;0.00;2.26;0.00;0.00;1.57;0.00;20.80;34.70;289.59;508.29
8.05;2.44;0.30;0.97;-0.07;0.51;-0.00;2.80;0.00;0.00;2.32;0.00;0.00;1.57;0.00;18.94;33.46;261.71;489.68
8.18;2.38;0.05;1.10;0.25;0.51;0.00;2.80;0.00;0.00;2.39;0.00;0.00;1.57;0.00;19.53;34.05;270.58;498.59
8.31;2.35;0.05;1.21;0.37;0.39;-0.00;2.80;0.00;0.00;2.46;0.00;0.00;1.57;0.00;15.86;31.30;215.32;457.01
8.45;2.33;-0.03;1.32;0.45;0.39;0.00;2.80;0.00;0.00;2.53;0.00;0.00;1.57;0.00;15.98;31.42;217.15;458.84
8.59;2.32;-0.01;1.15;-0.43;0.17;-0.00;2.80;0.00;0.00;2.59;0.00;0.00;1.57;0.00;11.14;27.56;144.43;400.47
8.72;2.32;0.01;1.04;-0.59;0.17;0.00;2.80;0.00;0.00;2.66;0.00;0.00;1.57;0.00;11.90;28.32;155.84;411.93
8.85;2.40;0.29;0.87;-0.68;0.04;-0.00;2.80;0.00;0.00;2.73;0.00;0.00;1.57;0.00;4.20;20.86;40.07;299.28
8.99;2.44;0.33;0.78;-0.65;0.04;0.00;2.80;0.00;0.00;2.79;0.00;0.00;1.57;0.00;3.22;19.87;25.24;284.38
9.12;2.38;-0.06;1.15;0.79;0.04;0.00;2.80;0.00;0.00;2.86;0.00;0.00;1.57;0.00;4.51;21.16;44.62;303.85
9.26;2.35;-0.33;1.29;0.87;0.11;0.00;2.80;0.00;0.00;2.93;0.00;0.00;1.57;0.00;8.60;25.16;106.23;364.30
9.39;2.39;0.18;1.45;0.69;0.11;0.00;2.80;0.00;0.00;3.00;0.00;0.00;1.57;0.00;7.16;23.72;84.50;342.47
9.53;2.42;0.18;1.54;0.74;0.11;0.00;2.80;0.00;0.00;3.06;0.00;0.00;1.57;0.00;6.44;23.00;73.62;331.55
9.66;2.44;0.14;1.64;0.74;0.11;0.00;2.80;0.00;0.00;3.13;0.00;0.00;1.57;0.00;5.82;22.38;64.38;322.27
9.80;2.47;0.13;1.72;0.70;6.27;0.00;2.80;0.00;0.00;3.20;0.00;0.00;1.57;0.00;0.19;16.85;-20.33;238.78
9.93;2.50;0.09;1.76;0.60;6.27;0.00;2.80;0.00;0.00;3.27;0.00;0.00;1.57;0.00;-0.70;15.97;-33.69;225.35
10.06;2.54;0.18;1.78;0.41;0.06;-0.00;2.80;0.00;0.00;3.33;0.00;0.00;1.57;0.00;1.06;17.69;-7.28;251.46
10.20;2.60;0.29;1.76;0.24;0.06;0.00;2.80;0.00;0.00;3.40;0.00;0.00;1.57;0.00;-0.46;16.18;-30.11;228.52
10.33;2.68;0.13;1.40;-1.23;0.06;0.00;2.80;0.00;0.00;3.47;0.00;0.00;1.57;0.00;-1.93;14.71;-52.19;206.34
10.47;2.70;-0.06;0.97;-1.95;0.06;0.00;2.80;0.00;0.00;3.53;0.00;0.00;1.57;0.00;-1.60;15.04;-47.16;211.39
10.60;2.79;0.32;1.23;0.29;0.01;-0.00;2.80;0.00;0.00;3.60;0.00;0.00;1.57;0.00;-7.52;9.15;-136.21;122.37
10.74;2.84;0.36;1.36;0.61;0.01;0.00;2.80;0.00;0.00;3.67;0.00;0.00;1.57;0.00;-9.05;7.62;-159.24;99.24
10.87;2.94;0.62;1.83;1.27;0.01;0.00;2.80;0.00;0.00;3.74;0.00;0.00;1.57;0.00;-11.74;4.93;-199.68;58.62
11.01;3.03;0.65;2.02;1.37;3.24;0.00;2.80;0.00;0.00;3.75;0.00;0.00;1.57;0.00;9.69;-6.90;122.49;-119.98
11.14;3.01;0.31;2.16;1.09;3.24;0.00;2.80;0.00;0.00;3.75;0.00;0.00;1.57;0.00;9.59;-6.99;121.10;-121.38
11.28;3.05;0.27;2.28;1.01;3.32;0.00;2.80;0.00;0.00;3.75;0.00;0.00;1.57;0.00;7.56;-8.83;90.57;-149.20
11.41;3.06;0.26;1.96;-0.25;3.32;0.00;2.80;0.00;0.00;3.75;0.00;0.00;1.57;0.00;6.38;-10.01;72.82;-167.03
11.55;3.07;0.17;1.91;-0.28;3.38;0.00;2.80;0.00;0.00;3.75;0.00;0.00;1.57;0.00;3.79;-12.43;33.76;-203.55
11.68;2.95;-0.25;1.83;-0.19;3.38;0.00;2.80;0.00;0.00;3.75;0.00;0.00;1.57;0.00;0.25;-15.96;-19.33;-256.88
11.81;2.94;-0.11;1.67;-0.61;4.86;0.00;2.80;0.00;0.00;3.75;0.00;0.00;1.57;0.00;-56.71;-54.31;-876.01;-836.19
11.95;3.00;0.19;1.29;-1.25;4.86;0.00;2.80;0.00;0.00;3.75;0.00;0.00;1.57;0.00;-66.83;-64.42;-1028.11;-988.98
12.09;3.00;0.02;1.04;-1.42;5.99;0.00;2.80;0.00;0.00;3.75;0.00;0.00;1.57;0.00;-33.79;-17.83;-531.29;-285.10
12.22;2.98;-0.07;0.80;-1.53;5.99;0.00;2.80;0.00;0.00;3.75;0.00;0.00;1.57;0.00;-35.17;-19.21;-552.10;-306.02
12.36;2.96;-0.03;1.06;0.10;6.17;0.00;2.80;0.00;0.00;3.75;0.00;0.00;1.57;0.00;-20.50;-3.93;-331.41;-75.22
12.49;2.96;-0.02;1.15;0.31;6.17;0.00;2.80;0.00;0.00;3.75;0.00;0.00;1.57;0.00;-20.16;-3.60;-326.38;-70.17
12.63;2.97;0.05;0.64;-2.14;6.18;0.00;2.80;0.00;0.00;3.75;0.00;0.00;1.57;0.00;-21.36;-4.78;-344.33;-88.02
12.76;2.98;0.09;0.28;-2.50;6.18;0.00;2.80;0.00;0.00;3.75;0.00;0.00;1.57;0.00;-22.63;-6.05;-363.48;-107.25
12.90;2.98;0.00;0.08;-1.44;6.20;0.00;2.80;0.00;0.00;3.75;0.00;0.00;1.57;0.00;-21.17;-4.56;-341.54;-84.76
13.03;2.98;-0.00;-0.10;-1.39;6.21;0.00;2.80;0.00;0.00;3.75;0.00;0.00;1.57;0.00;-20.68;-4.06;-334.19;-77.21
13.17;2.98;0.02;-0.22;-1.41;6.21;0.00;2.80;0.00;0.00;3.75;0.00;0.00;1.57;0.00;-21.00;-4.38;-338.97;-82.01
13.30;2.98;0.01;-0.40;-1.42;6.22;0.00;2.80;0.00;0.00;3.75;0.00;0.00;1.57;0.00;-19.86;-3.23;-321.83;-64.55
13.43;2.97;-0.04;-0.58;-1.38;6.22;0.00;2.80;0.00;0.00;3.75;0.00;0.00;1.57;0.00;-19.84;-3.20;-321.48;-64.20
13.57;2.96;-0.03;-0.75;-1.33;6.23;0.00;2.80;0.00;0.00;3.75;0.00;0.00;1.57;0.00;-19.17;-2.53;-311.44;-54.01
13.70;2.97;-0.00;-0.86;-1.17;6.23;0.00;2.80;0.00;0.00;3.75;0.00;0.00;1.57;0.00;-19.42;-2.78;-315.15;-57.74
13.84;2.97;-0.00;-0.85;-0.56;6.23;0.00;2.80;0.00;0.00;3.75;0.00;0.00;1.57;0.00;-19.42;-2.78;-315.25;-57.84
13.97;2.97;0.00;-0.72;-0.03;6.23;0.00;2.80;0.00;0.00;3.75;0.00;0.00;1.57;0.00;-19.29;-2.65;-313.27;-55.85
14.11;2.97;0.01;-0.65;-0.01;6.23;0.00;2.80;0.00;0.00;3.75;0.00;0.00;1.57;0.00;-19.25;-2.61;-312.60;-55.18
14.24;2.97;0.01;-0.64;-0.01;6.23;0.00;2.80;0.00;0.00;3.75;0.00;0.00;1.57;0.00;-19.25;-2.61;-312.70;-55.27
14.38;2.97;0.00;-0.63;0.01;6.23;0.00;2.80;0.00;0.00;3.75;0.00;0.00;1.57;0.00;-19.25;-2.61;-312.61;-55.19
14.51;2.97;-0.00;-0.63;0.01;6.23;0.00;2.80;0.00;0.00;3.75;0.00;0.00;1.57;0.00;-19.22;-2.58;-312.17;-54.74
14.65;2.97;-0.01;-0.63;0.00;6.23;0.00;2.80;0.00;0.00;3.75;0.00;0.00;1.57;0.00;-19.17;-2.52;-311.39;-53.96
14.78;2.97;-0.02;-0.63;-0.00;6.23;0.00;2.80;0.00;0.00;3.75;0.00;0.00;1.57;0.00;-19.11;-2.47;-310.59;-53.15
14.91;2.97;-0.01;-0.63;0.01;6.23;0.00;2.80;0.00;0.00;3.75;0.00;0.00;1.57;0.00;-19.11;-2.47;-310.57;-53.13
15.05;2.97;0.01;-0.61;0.33;6.22;-0.00;2.80;0.00;0.00;3.75;0.00;0.00;1.57;0.00;-19.85;-3.22;-321.72;-64.44
15.18;2.99;0.18;0.08;4.02;6.22;0.00;2.80;0.00;0.00;3.75;0.00;0.00;1.57;0.00;-19.27;-2.64;-312.95;-55.63
15.32;3.01;0.20;0.60;4.22;6.21;-0.00;2.80;0.00;0.00;3.75;0.00;0.00;1.57;0.00;-19.92;-3.30;-322.77;-65.67
15.45;2.99;0.00;0.51;1.43;6.21;0.00;2.80;0.00;0.00;3.75;0.00;0.00;1.57;0.00;-19.43;-2.81;-315.35;-58.22
15.59;2.98;-0.00;0.60;1.34;6.20;-0.00;2.80;0.00;0.00;3.75;0.00;0.00;1.57;0.00;-20.41;-3.81;-330.10;-73.34
15.72;2.97;-0.00;0.65;1.34;6.20;0.00;2.80;0.00;0.00;3.75;0.00;0.00;1.57;0.00;-20.05;-3.45;-324.65;-67.87
15.86;2.97;-0.00;0.82;1.34;6.17;-0.00;2.80;0.00;0.00;3.75;0.00;0.00;1.57;0.00;-21.26;-4.69;-342.85;-86.66
15.99;2.97;-0.00;1.01;1.34;6.17;0.00;2.80;0.00;0.00;3.75;0.00;0.00;1.57;0.00;-20.75;-4.18;-335.15;-78.93
16.12;2.97;-0.01;1.18;1.34;6.14;-0.00;2.80;0.00;0.00;3.75;0.00;0.00;1.57;0.00;-22.67;-6.18;-364.06;-109.14
16.26;2.97;-0.01;1.36;1.34;6.14;0.00;2.80;0.00;0.00;3.75;0.00;0.00;1.57;0.00;-21.97;-5.48;-353.59;-98.62
16.39;2.97;0.00;1.53;1.34;6.06;-0.00;2.80;0.00;0.00;3.75;0.00;0.00;1.57;0.00;-25.55;-9.28;-407.35;-156.05
16.53;2.97;-0.00;1.72;1.33;5.83;-0.00;2.80;0.00;0.00;3.75;0.00;0.00;1.57;0.00;-35.15;-20.13;-551.78;-319.97
16.67;2.97;0.00;1.91;1.34;5.83;0.00;2.80;0.00;0.00;3.75;0.00;0.00;1.57;0.00;-33.01;-18.00;-519.62;-287.67
16.80;2.97;0.00;2.08;1.35;4.38;-0.00;2.80;0.00;0.00;3.75;0.00;0.00;1.57;0.00;-37.98;-43.35;-594.24;-670.62
16.93;2.98;0.00;2.27;1.35;4.38;0.00;2.80;0.00;0.00;3.75;0.00;0.00;1.57;0.00;-33.15;-38.52;-521.60;-597.65
17.07;2.98;-0.00;2.39;1.15;4.39;0.00;2.80;0.00;0.00;3.75;0.00;0.00;1.57;0.00;-30.31;-35.57;-478.94;-553.13
17.20;2.97;0.00;2.15;0.04;4.39;0.00;2.80;0.00;0.00;3.75;0.00;0.00;1.57;0.00;-36.37;-41.63;-570.00;-644.61
17.34;2.97;-0.00;2.11;0.00;4.39;0.00;2.80;0.00;0.00;3.75;0.00;0.00;1.57;0.00;-37.38;-42.64;-585.22;-659.90
17.47;2.97;0.00;2.06;0.00;4.39;0.00;2.80;0.00;0.00;3.75;0.00;0.00;1.57;0.00;-38.74;-44.00;-605.77;-680.54
17.61;2.97;0.00;2.05;-0.01;4.39;0.00;2.80;0.00;0.00;3.75;0.00;0.00;1.57;0.00;-38.94;-44.14;-608.68;-682.63
17.74;2.97;0.00;2.05;-0.01;4.39;0.00;2.80;0.00;0.00;3.75;0.00;0.00;1.57;0.00;-38.99;-44.19;-609.45;-683.39
17.88;2.97;-0.01;2.05;-0.00;4.39;-0.00;2.80;0.00;0.00;3.75;0.00;0.00;1.57;0.00;-38.90;-44.16;-608.18;-682.96
18.01;2.97;-0.01;2.05;0.00;4.39;0.00;2.80;0.00;0.00;3.75;0.00;0.00;1.57;0.00;-38.89;-44.15;-607.93;-682.70
18.15;2.97;-0.00;2.05;0.01;4.39;0.00;2.80;0.00;0.00;3.75;0.00;0.00;1.57;0.00;-38.84;-44.10;-607.16;-681.94
18.28;2.97;0.00;2.06;0.01;4.39;0.00;2.80;0.00;0.00;3.75;0.00;0.00;1.57;0.00;-38.78;-44.04;-606.28;-681.05
18.42;2.97;0.00;2.05;-0.01;4.39;0.00;2.80;0.00;0.00;3.75;0.00;0.00;1.57;0.00;-38.84;-44.11;-607.29;-682.06
18.55;2.97;0.00;2.05;-0.01;4.38;-0.00;2.80;0.00;0.00;3.75;0.00;0.00;1.57;0.00;-38.61;-44.04;-603.83;-681.08
18.69;2.97;0.00;2.05;-0.01;4.38;0.00;2.80;0.00;0.00;3.75;0.00;0.00;1.57;0.00;-38.65;-44.07;-604.34;-681.60
18.82;2.97;0.00;2.05;-0.01;4.39;0.00;2.80;0.00;0.00;3.75;0.00;0.00;1.57;0.00;-38.89;-44.20;-607.92;-683.53
18.96;2.97;0.00;2.05;-0.00;4.39;0.00;2.80;0.00;0.00;3.75;0.00;0.00;1.57;0.00;-38.84;-44.15;-607.16;-682.77
19.09;2.97;-0.01;2.05;0.01;4.38;-0.00;2.80;0.00;0.00;3.75;0.00;0.00;1.57;0.00;-38.54;-44.02;-602.67;-680.75
19.23;2.96;-0.05;2.06;0.05;4.38;0.00;2.80;0.00;0.00;3.75;0.00;0.00;1.57;0.00;-38.38;-43.86;-600.32;-678.39
19.36;2.96;-0.04;2.06;0.03;4.37;-0.00;2.80;0.00;0.00;3.75;0.00;0.00;1.57;0.00;-38.17;-43.73;-597.09;-676.39
19.50;2.96;-0.01;2.06;-0.00;4.37;0.00;2.80;0.00;0.00;3.75;0.00;0.00;1.57;0.00;-38.27;-43.84;-598.71;-678.02
19.63;2.97;0.00;2.06;-0.00;4.38;0.00;2.80;0.00;0.00;3.75;0.00;0.00;1.57;0.00;-38.41;-43.92;-600.73;-679.22
19.77;2.97;0.01;2.06;0.00;4.38;0.00;2.80;0.00;0.00;3.75;0.00;0.00;1.57;0.00;-38.41;-43.92;-600.71;-679.20
19.90;2.97;0.00;2.06;0.00;4.38;0.00;2.80;0.00;0.00;3.75;0.00;0.00;1.57;0.00;-38.40;-43.91;-600.58;-679.06
20.03;2.97;0.00;2.06;0.00;4.38;0.00;2.80;0.00;0.00;3.75;0.00;0.00;1.57;0.00;-38.40;-43.91;-600.58;-679.06
20.17;2.97;0.01;2.05;-0.01;4.37;-0.00;2.80;0.00;0.00;3.75;0.00;0.00;1.57;0.00;-38.22;-43.84;-597.96;-678.09
20.30;2.97;0.02;2.05;-0.02;4.37;0.00;2.80;0.00;0.00;3.75;0.00;0.00;1.57;0.00;-38.41;-43.94;-600.73;-679.63
20.44;2.97;-0.01;2.05;-0.00;4.37;0.00;2.80;0.00;0.00;3.75;0.00;0.00;1.57;0.00;-38.41;-43.95;-600.76;-679.66
20.57;2.97;-0.01;2.05;-0.00;4.37;0.00;2.80;0.00;0.00;3.75;0.00;0.00;1.57;0.00;-38.42;-43.96;-600.89;-679.79
20.71;2.97;0.00;2.06;0.05;4.37;0.00;2.80;0.00;0.00;3.75;0.00;0.00;1.57;0.00;-38.26;-43.80;-598.49;-677.38
20.84;2.97;0.00;2.06;0.03;4.32;-0.00;2.80;0.00;0.00;3.75;0.00;0.00;1.57;0.00;-36.56;-42.99;-572.95;-665.26
2