=~=~=~=~=~=~=~=~=~=~=~= PuTTY log 2024.07.18 17:14:37 =~=~=~=~=~=~=~=~=~=~=~=
22.50;1.92;0.01;0.34;-0.01;0.96;0.00;2.80;0.00;0.00;3.75;0.00;0.00;1.57;0.00;83.34;92.88;1230.08;1387.15
2.82;1229.29;1386.35
86.50;1.92;0.01;0.34;-0.01;0.96;0.00;2.80;0.00;0.00;3.75;0.00;0.00;1.57;0.00;83.34;92.88;1230.08;1387.15
0.13;1.91;-0.04;0.34;0.02;0.00;0.00;0.00;0.00;0.00;0.00;0.00;0.00;0.00;0.00;0.00;0.00;-23.16;-15.82
0.26;1.91;-0.01;0.34;0.01;0.96;0.00;0.00;0.00;0.00;0.00;0.00;0.00;0.00;0.00;0.00;0.00;-23.16;-15.82
0.39;1.91;-0.02;0.34;0.02;0.96;0.00;0.00;0.00;0.00;0.00;0.00;0.00;0.00;0.00;0.00;0.00;-23.16;-15.82
0.53;1.91;-0.02;0.34;0.02;0.96;0.00;0.00;0.00;0.00;0.00;0.00;0.00;0.00;0.00;0.00;0.00;-23.16;-15.82
0.66;1.91;-0.03;0.35;0.03;0.96;0.00;0.00;0.00;0.00;0.00;0.00;0.00;0.00;0.00;0.00;0.00;-23.16;-15.82
0.80;1.91;0.02;0.34;-0.02;0.96;0.00;0.00;0.00;0.00;0.00;0.00;0.00;0.00;0.00;0.00;0.00;-23.16;-15.82
0.93;1.92;0.02;0.34;-0.03;0.96;0.00;0.00;0.00;0.00;0.00;0.00;0.00;0.00;0.00;0.00;0.00;-23.16;-15.82
1.06;1.92;0.01;0.34;-0.01;0.96;0.00;0.00;0.00;0.00;0.00;0.00;0.00;0.00;0.00;0.00;0.00;-23.16;-15.82
1.20;1.92;0.01;0.33;-0.01;0.96;-0.00;0.00;0.00;0.00;0.00;0.00;0.00;0.00;0.00;0.00;0.00;-23.16;-15.82
1.33;1.91;-0.02;0.34;0.01;0.96;0.00;0.00;0.00;0.00;0.00;0.00;0.00;0.00;0.00;0.00;0.00;-23.16;-15.82
1.46;1.91;-0.03;0.34;0.01;0.96;0.00;0.00;0.00;0.00;0.00;0.00;0.00;0.00;0.00;0.00;0.00;-23.16;-15.82
1.60;1.91;-0.00;0.34;0.00;0.96;-0.00;0.00;0.00;0.00;0.00;0.00;0.00;0.00;0.00;0.00;0.00;-23.16;-15.82
1.73;1.91;0.00;0.34;0.00;0.96;0.00;0.00;0.00;0.00;0.00;0.00;0.00;0.00;0.00;0.00;0.00;-23.16;-15.82
1.86;1.91;0.00;0.34;-0.00;0.96;0.00;0.00;0.00;0.00;0.00;0.00;0.00;0.00;0.00;0.00;0.00;-23.16;-15.82
2.00;1.91;0.00;0.34;0.00;0.95;-0.00;0.00;0.00;0.00;0.00;0.00;0.00;0.00;0.00;0.00;0.00;-23.16;-15.82
2.13;1.91;0.00;0.34;0.00;0.95;0.00;0.00;0.00;0.00;0.00;0.00;0.00;0.00;0.00;0.00;0.00;-23.16;-15.82
2.27;1.92;0.01;0.34;0.00;0.95;0.00;0.00;0.00;0.00;0.00;0.00;0.00;0.00;0.00;0.00;0.00;-23.16;-15.82
2.40;1.92;0.01;0.34;-0.00;0.95;0.00;0.00;0.00;0.00;0.00;0.00;0.00;0.00;0.00;0.00;0.00;-23.16;-15.82
2.53;1.92;0.00;0.34;-0.01;0.96;0.00;0.00;0.00;0.00;0.00;0.00;0.00;0.00;0.00;0.00;0.00;-23.16;-15.82
2.67;1.92;0.00;0.34;-0.01;0.96;0.00;0.00;0.00;0.00;0.00;0.00;0.00;0.00;0.00;0.00;0.00;-23.16;-15.82
2.80;1.92;0.02;0.33;-0.02;0.96;0.00;0.00;0.00;0.00;0.00;0.00;0.00;0.00;0.00;0.00;0.00;-23.16;-15.82
2.93;1.92;0.03;0.33;-0.02;0.95;-0.00;0.00;0.00;0.00;0.00;0.00;0.00;0.00;0.00;0.00;0.00;-23.16;-15.82
3.07;1.92;-0.02;0.34;0.02;0.95;0.00;0.00;0.00;0.00;0.00;0.00;0.00;0.00;0.00;0.00;0.00;-23.16;-15.82
3.20;1.91;-0.03;0.34;0.03;0.96;0.00;0.00;0.00;0.00;0.00;0.00;0.00;0.00;0.00;0.00;0.00;-23.16;-15.82
3.34;1.91;-0.03;0.34;-0.00;0.96;0.00;0.00;0.00;0.00;0.00;0.00;0.00;0.00;0.00;0.00;0.00;-23.16;-15.82
3.47;1.91;-0.02;0.34;-0.00;0.95;-0.00;0.00;0.00;0.00;0.00;0.00;0.00;0.00;0.00;0.00;0.00;-23.16;-15.82
3.60;1.91;0.01;0.34;0.00;0.95;0.00;0.00;0.00;0.00;0.00;0.00;0.00;0.00;0.00;0.00;0.00;-23.16;-15.82
3.74;1.92;0.01;0.34;0.00;0.95;0.00;0.00;0.00;0.00;0.00;0.00;0.00;0.00;0.00;0.00;0.00;-23.16;-15.82
3.87;1.92;0.01;0.34;0.00;0.95;0.00;0.00;0.00;0.00;0.00;0.00;0.00;0.00;0.00;0.00;0.00;-23.16;-15.82
4.00;1.92;0.00;0.34;0.00;0.95;0.00;2.80;0.00;0.00;0.30;0.00;0.00;1.57;0.00;8.05;17.70;97.83;251.56
4.14;1.92;0.02;0.34;-0.02;0.95;0.00;2.80;0.00;0.00;0.37;0.00;0.00;1.57;0.00;9.55;19.20;120.38;274.22
4.27;1.92;0.01;0.34;-0.00;0.95;-0.00;2.80;0.00;0.00;0.44;0.00;0.00;1.57;0.00;11.02;20.73;142.62;297.27
4.41;1.92;0.01;0.34;0.00;0.95;0.00;2.80;0.00;0.00;0.50;0.00;0.00;1.57;0.00;12.45;22.15;164.00;318.75
4.54;1.92;0.02;0.34;0.03;1.00;0.00;2.80;0.00;0.00;0.57;0.00;0.00;1.57;0.00;13.25;22.23;176.13;320.02
4.68;1.92;0.04;0.35;0.05;1.10;0.00;2.80;0.00;0.00;0.64;0.00;0.00;1.57;0.00;13.66;21.25;182.23;305.19
4.81;1.91;-0.07;0.37;0.13;1.10;0.00;2.80;0.00;0.00;0.71;0.00;0.00;1.57;0.00;15.04;22.63;202.98;326.03
4.95;1.90;-0.06;0.39;0.13;1.20;0.00;2.80;0.00;0.00;0.77;0.00;0.00;1.57;0.00;15.17;21.20;205.02;304.44
5.08;1.90;-0.02;0.41;0.17;1.20;0.00;2.80;0.00;0.00;0.84;0.00;0.00;1.57;0.00;16.43;22.46;223.94;323.45
5.22;1.90;-0.01;0.43;0.14;1.30;0.00;2.80;0.00;0.00;0.91;0.00;0.00;1.57;0.00;16.49;20.95;224.85;300.60
5.35;1.89;-0.07;0.46;0.28;1.30;0.00;2.80;0.00;0.00;0.98;0.00;0.00;1.57;0.00;17.46;21.91;239.36;315.17
5.49;1.86;-0.11;0.51;0.30;1.21;-0.00;2.80;0.00;0.00;1.04;0.00;0.00;1.57;0.00;19.11;24.95;264.27;361.09
5.62;1.76;-0.37;0.63;0.64;1.21;0.00;2.80;0.00;0.00;1.11;0.00;0.00;1.57;0.00;18.76;24.60;259.02;355.81
5.75;1.77;-0.12;0.66;0.36;1.35;0.00;2.80;0.00;0.00;1.18;0.00;0.00;1.57;0.00;17.59;21.20;241.39;304.42
5.89;1.80;0.02;0.65;0.15;1.35;0.00;2.80;0.00;0.00;1.24;0.00;0.00;1.57;0.00;19.42;23.02;268.80;331.96
6.02;1.80;-0.02;0.68;0.14;1.44;0.00;2.80;0.00;0.00;1.31;0.00;0.00;1.57;0.00;19.21;21.41;265.70;307.65
6.16;1.80;0.08;0.69;-0.03;1.44;0.00;2.80;0.00;0.00;1.38;0.00;0.00;1.57;0.00;20.65;22.85;287.31;329.36
6.29;1.66;-0.75;0.87;1.08;1.33;-0.00;2.80;0.00;0.00;1.45;0.00;0.00;1.57;0.00;20.22;24.23;280.97;350.17
6.43;1.55;-0.88;1.03;1.07;1.33;0.00;2.80;0.00;0.00;1.51;0.00;0.00;1.57;0.00;18.47;22.47;254.58;323.66
6.56;1.53;-0.36;1.07;0.49;1.33;0.00;2.80;0.00;0.00;1.58;0.00;0.00;1.57;0.00;19.43;23.43;268.96;338.11
6.70;1.49;-0.29;1.12;0.38;1.22;-0.00;2.80;0.00;0.00;1.65;0.00;0.00;1.57;0.00;22.35;28.05;312.90;407.87
6.83;1.48;-0.47;1.20;0.78;1.22;0.00;2.80;0.00;0.00;1.72;0.00;0.00;1.57;0.00;22.28;27.98;311.84;406.81
6.97;1.41;-0.52;1.31;0.87;1.19;-0.00;2.80;0.00;0.00;1.78;0.00;0.00;1.57;0.00;22.47;28.74;314.66;418.25
7.10;1.38;-0.35;1.36;0.57;1.19;0.00;2.80;0.00;0.00;1.85;0.00;0.00;1.57;0.00;23.10;29.37;324.19;427.83
7.24;1.34;-0.33;1.44;0.58;1.15;-0.00;2.80;0.00;0.00;1.92;0.00;0.00;1.57;0.00;24.14;30.98;339.92;452.11
7.37;1.32;-0.31;1.50;0.57;1.15;0.00;2.80;0.00;0.00;1.98;0.00;0.00;1.57;0.00;24.61;31.45;346.97;459.19
7.50;1.31;-0.17;1.54;0.38;1.16;0.00;2.80;0.00;0.00;2.05;0.00;0.00;1.57;0.00;24.91;31.55;351.41;460.84
7.64;1.33;-0.06;1.56;0.24;1.16;0.00;2.80;0.00;0.00;2.12;0.00;0.00;1.57;0.00;26.03;32.68;368.32;477.83
7.77;1.26;-0.57;1.67;0.87;1.11;-0.00;2.80;0.00;0.00;2.19;0.00;0.00;1.57;0.00;26.83;34.21;380.25;500.97
7.91;1.13;-0.78;1.85;1.06;1.11;0.00;2.80;0.00;0.00;2.25;0.00;0.00;1.57;0.00;25.72;33.11;363.63;484.28
8.04;1.12;-0.38;1.91;0.68;1.09;-0.00;2.80;0.00;0.00;2.32;0.00;0.00;1.57;0.00;26.74;34.49;378.92;505.12
8.18;1.08;-0.30;1.98;0.56;1.09;0.00;2.80;0.00;0.00;2.39;0.00;0.00;1.57;0.00;27.01;34.75;382.96;509.17
8.31;1.25;0.21;1.90;0.18;1.13;0.00;2.80;0.00;0.00;2.46;0.00;0.00;1.57;0.00;27.73;34.91;393.85;511.46
8.45;1.29;0.21;1.91;0.17;1.13;0.00;2.80;0.00;0.00;2.52;0.00;0.00;1.57;0.00;28.46;35.64;404.86;522.53
8.58;1.32;0.16;1.98;0.62;1.15;0.00;2.80;0.00;0.00;2.59;0.00;0.00;1.57;0.00;27.67;34.47;392.91;504.94
8.72;1.34;0.17;2.06;0.61;1.18;0.00;2.80;0.00;0.00;2.66;0.00;0.00;1.57;0.00;26.39;32.77;373.74;479.22
8.85;1.35;0.18;2.08;0.44;1.18;0.00;2.80;0.00;0.00;2.73;0.00;0.00;1.57;0.00;27.47;33.84;389.86;495.42
8.99;1.38;0.20;2.14;0.47;1.23;0.00;2.80;0.00;0.00;2.79;0.00;0.00;1.57;0.00;26.53;32.17;375.76;470.19
9.12;1.40;0.16;2.16;0.36;1.23;0.00;2.80;0.00;0.00;2.86;0.00;0.00;1.57;0.00;27.52;33.17;390.69;485.19
9.26;1.42;0.18;2.20;0.39;1.29;0.00;2.80;0.00;0.00;2.93;0.00;0.00;1.57;0.00;26.64;31.29;377.46;456.86
9.39;1.44;0.20;2.23;0.38;1.29;0.00;2.80;0.00;0.00;3.00;0.00;0.00;1.57;0.00;27.45;32.10;389.58;469.03
9.53;1.46;0.14;2.27;0.30;1.38;0.00;2.80;0.00;0.00;3.06;0.00;0.00;1.57;0.00;26.13;29.37;369.79;427.82
9.66;1.48;0.09;2.30;0.27;1.38;0.00;2.80;0.00;0.00;3.13;0.00;0.00;1.57;0.00;26.98;30.22;382.59;440.67
9.80;1.51;0.26;2.34;0.45;1.51;0.00;2.80;0.00;0.00;3.20;0.00;0.00;1.57;0.00;24.24;25.20;341.36;364.85
9.93;1.56;0.39;2.43;0.63;1.51;0.00;2.80;0.00;0.00;3.27;0.00;0.00;1.57;0.00;23.73;24.69;333.63;357.08
10.06;1.57;0.22;2.45;0.38;1.78;0.00;2.80;0.00;0.00;3.33;0.00;0.00;1.57;0.00;17.90;14.43;245.96;202.18
10.20;1.60;0.19;2.50;0.37;1.78;0.00;2.80;0.00;0.00;3.40;0.00;0.00;1.57;0.00;18.50;15.03;254.97;211.22
10.34;1.52;-0.12;2.59;0.51;1.61;-0.00;2.80;0.00;0.00;3.47;0.00;0.00;1.57;0.00;22.61;22.03;316.80;316.89
10.47;1.50;-0.12;2.65;0.50;1.59;-0.00;2.80;0.00;0.00;3.54;0.00;0.00;1.57;0.00;22.90;22.53;321.27;324.46
10.61;1.50;-0.03;2.71;0.41;1.59;0.00;2.80;0.00;0.00;3.60;0.00;0.00;1.57;0.00;23.13;22.75;324.68;327.89
10.74;1.50;-0.04;2.76;0.36;1.98;0.00;2.80;0.00;0.00;3.67;0.00;0.00;1.57;0.00;11.75;5.11;153.59;61.34
10.87;1.51;-0.01;2.74;0.22;1.98;0.00;2.80;0.00;0.00;3.74;0.00;0.00;1.57;0.00;13.99;7.35;187.24;95.15
11.01;1.51;-0.05;2.78;0.37;2.10;0.00;2.80;0.00;0.00;3.75;0.00;0.00;1.57;0.00;9.32;0.94;117.00;-1.66
11.14;1.51;-0.04;2.87;0.63;2.10;0.00;2.80;0.00;0.00;3.75;0.00;0.00;1.57;0.00;7.14;-1.25;84.16;-34.65
11.28;1.52;0.00;2.94;0.51;2.16;0.00;2.80;0.00;0.00;3.75;0.00;0.00;1.57;0.00;3.76;-5.47;33.35;-98.37
11.41;1.53;0.05;2.97;0.40;2.16;0.00;2.80;0.00;0.00;3.75;0.00;0.00;1.57;0.00;3.24;-5.98;25.55;-106.21
11.55;1.55;0.07;3.04;0.50;1.91;-0.00;2.80;0.00;0.00;3.75;0.00;0.00;1.57;0.00;9.36;3.75;117.65;40.76
11.68;1.56;0.06;3.12;0.56;1.91;0.00;2.80;0.00;0.00;3.75;0.00;0.00;1.57;0.00;7.60;1.98;91.06;14.05
11.82;1.57;0.06;3.16;0.41;1.74;-0.00;2.80;0.00;0.00;3.75;0.00;0.00;1.57;0.00;11.51;8.76;149.99;116.56
11.95;1.57;0.04;3.21;0.39;1.74;0.00;2.80;0.00;0.00;3.75;0.00;0.00;1.57;0.00;10.18;7.43;129.89;96.37
12.09;1.59;0.09;3.24;0.46;1.74;0.00;2.80;0.00;0.00;3.75;0.00;0.00;1.57;0.00;9.38;6.62;117.83;84.26
12.22;1.60;0.10;3.31;0.50;1.29;-0.00;2.80;0.00;0.00;3.75;0.00;0.00;1.57;0.00;17.94;22.59;246.61;325.41
12.36;1.60;-0.03;3.31;0.15;1.29;0.00;2.80;0.00;0.00;3.75;0.00;0.00;1.57;0.00;17.97;22.62;246.99;325.80
12.49;1.60;0.07;3.32;0.23;1.07;-0.00;2.80;0.00;0.00;3.75;0.00;0.00;1.57;0.00;21.30;29.25;297.16;426.09
12.63;1.68;0.62;3.40;0.74;1.07;0.00;2.80;0.00;0.00;3.75;0.00;0.00;1.57;0.00;18.49;26.44;254.82;383.56
12.76;1.73;0.35;3.46;0.48;0.90;-0.00;2.80;0.00;0.00;3.75;0.00;0.00;1.57;0.00;18.66;29.06;257.48;423.17
12.90;1.70;0.16;3.44;0.26;0.90;0.00;2.80;0.00;0.00;3.75;0.00;0.00;1.57;0.00;19.52;29.92;270.38;436.12
13.03;1.72;0.26;3.46;0.28;0.79;-0.00;2.80;0.00;0.00;3.75;0.00;0.00;1.57;0.00;19.89;31.62;275.98;461.76
13.16;1.75;0.32;3.47;0.26;0.79;0.00;2.80;0.00;0.00;3.75;0.00;0.00;1.57;0.00;19.05;30.77;263.25;448.98
13.30;1.77;0.20;3.48;0.16;0.75;-0.00;2.80;0.00;0.00;3.75;0.00;0.00;1.57;0.00;19.03;31.25;262.94;456.30
13.43;1.78;0.10;3.48;0.08;0.75;0.00;2.80;0.00;0.00;3.75;0.00;0.00;1.57;0.00;18.78;31.00;259.18;452.53
13.57;1.81;0.25;3.50;0.18;0.71;-0.00;2.80;0.00;0.00;3.75;0.00;0.00;1.57;0.00;18.13;30.75;249.48;448.64
13.70;1.84;0.20;3.52;0.10;0.71;0.00;2.80;0.00;0.00;3.75;0.00;0.00;1.57;0.00;17.12;29.74;234.27;433.36
13.84;1.89;0.29;3.54;0.10;0.71;-0.00;2.80;0.00;0.00;3.75;0.00;0.00;1.57;0.00;15.81;28.48;214.59;414.46
13.97;1.93;0.31;3.55;0.01;0.71;0.00;2.80;0.00;0.00;3.75;0.00;0.00;1.57;0.00;14.71;27.38;198.05;397.84
14.11;1.99;0.42;3.60;0.22;0.69;-0.00;2.80;0.00;0.00;3.75;0.00;0.00;1.57;0.00;12.70;25.60;167.88;370.91
14.24;2.05;0.40;3.64;0.27;0.72;0.00;2.80;0.00;0.00;3.75;0.00;0.00;1.57;0.00;10.87;23.39;140.32;337.54
14.38;2.07;0.20;3.70;0.33;0.72;0.00;2.80;0.00;0.00;3.75;0.00;0.00;1.57;0.00;9.35;21.88;117.51;314.63
14.51;2.09;0.19;3.74;0.23;0.85;0.00;2.80;0.00;0.00;3.75;0.00;0.00;1.57;0.00;7.34;18.38;87.23;261.90
14.65;2.04;-0.00;3.80;0.30;0.85;0.00;2.80;0.00;0.00;3.75;0.00;0.00;1.57;0.00;6.81;17.85;79.26;253.89
14.78;2.06;0.11;3.83;0.22;0.91;0.00;2.80;0.00;0.00;3.75;0.00;0.00;1.57;0.00;5.30;15.54;56.52;218.87
14.92;2.16;0.43;3.82;0.09;0.91;0.00;2.80;0.00;0.00;3.75;0.00;0.00;1.57;0.00;3.85;14.09;34.70;196.95
15.05;2.17;0.17;3.87;0.20;0.95;0.00;2.80;0.00;0.00;3.75;0.00;0.00;1.57;0.00;2.43;12.06;13.38;166.37
15.19;2.11;-0.11;3.93;0.29;0.95;0.00;2.80;0.00;0.00;3.75;0.00;0.00;1.57;0.00;1.82;11.45;4.19;157.14
15.32;2.08;-0.04;3.98;0.31;0.98;0.00;2.80;0.00;0.00;3.75;0.00;0.00;1.57;0.00;0.86;10.08;-10.22;136.50
15.45;2.07;-0.03;4.03;0.32;0.98;0.00;2.80;0.00;0.00;3.75;0.00;0.00;1.57;0.00;0.02;9.24;-22.92;123.75
15.59;2.06;-0.10;4.05;0.25;1.00;0.00;2.80;0.00;0.00;3.75;0.00;0.00;1.57;0.00;-0.65;8.30;-33.00;109.57
15.72;2.04;-0.10;4.09;0.23;1.00;0.00;2.80;0.00;0.00;3.75;0.00;0.00;1.57;0.00;-1.24;7.71;-41.82;100.71
15.86;2.01;-0.16;4.11;0.21;1.00;0.00;2.80;0.00;0.00;3.75;0.00;0.00;1.57;0.00;-1.26;7.69;-42.15;100.37
15.99;1.98;-0.17;4.14;0.19;1.03;0.00;2.80;0.00;0.00;3.75;0.00;0.00;1.57;0.00;-1.97;6.64;-52.78;84.47
16.12;1.95;-0.22;4.16;0.17;1.03;0.00;2.80;0.00;0.00;3.75;0.00;0.00;1.57;0.00;-1.85;6.76;-50.95;86.31
16.26;1.92;-0.24;4.18;0.15;1.02;-0.00;2.80;0.00;0.00;3.75;0.00;0.00;1.57;0.00;-1.83;6.82;-50.75;87.26
16.39;1.88;-0.24;4.20;0.15;1.02;0.00;2.80;0.00;0.00;3.75;0.00;0.00;1.57;0.00;-1.79;6.87;-50.12;87.90
16.53;1.87;-0.19;4.20;0.10;1.03;0.00;2.80;0.00;0.00;3.75;0.00;0.00;1.57;0.00;-1.86;6.73;-51.06;85.83
16.66;1.94;0.10;4.16;-0.07;1.03;0.00;2.80;0.00;0.00;3.75;0.00;0.00;1.57;0.00;-1.75;6.84;-49.43;87.46
16.79;1.92;-0.10;4.17;0.11;1.01;-0.00;2.80;0.00;0.00;3.75;0.00;0.00;1.57;0.00;-1.59;7.24;-47.05;93.59
16.93;1.83;-0.45;4.26;0.43;1.01;0.00;2.80;0.00;0.00;3.75;0.00;0.00;1.57;0.00;-2.13;6.70;-55.22;85.39
17.06;1.84;-0.12;4.25;0.08;1.02;0.00;2.80;0.00;0.00;3.75;0.00;0.00;1.57;0.00;-2.11;6.65;-54.89;84.60
17.20;1.87;0.05;4.21;-0.07;1.02;0.00;2.80;0.00;0.00;3.75;0.00;0.00;1.57;0.00;-1.79;6.97;-50.06;89.45
17.33;1.90;0.01;4.19;-0.01;1.02;0.00;2.80;0.00;0.00;3.75;0.00;0.00;1.57;0.00;-1.75;6.98;-49.52;89.62
17.47;1.90;0.01;4.19;-0.00;1.02;0.00;2.80;0.00;0.00;3.75;0.00;0.00;1.57;0.00;-1.75;6.98;-49.47;89.68
17.60;1.90;0.01;4.19;-0.02;1.02;0.00;2.80;0.00;0.00;3.75;0.00;0.00;1.57;0.00;-1.79;6.94;-50.07;89.07
17.73;1.90;0.01;4.19;-0.03;1.02;0.00;2.80;0.00;0.00;3.75;0.00;0.00;1.57;0.00;-1.71;7.02;-48.92;90.23
17.87;1.90;0.00;4.19;0.00;1.02;0.00;2.80;0.00;0.00;3.75;0.00;0.00;1.57;0.00;-1.79;6.92;-50.03;88.74
18.00;1.90;0.00;4.19;0.00;1.02;-0.00;2.80;0.00;0.00;3.75;0.00;0.00;1.57;0.00;-1.78;6.96;-49.86;89.28
18.14;1.90;0.01;4.19;0.01;1.02;0.00;2.80;0.00;0.00;3.75;0.00;0.00;1.57;0.00;-1.86;6.88;-51.10;88.04
18.27;1.90;0.01;4.19;0.00;1.02;0.00;2.80;0.00;0.00;3.75;0.00;0.00;1.57;0.00;-1.93;6.78;-52.16;86.60
18.41;1.90;-0.03;4.19;-0.03;1.02;0.00;2.80;0.00;0.00;3.75;0.00;0.00;1.57;0.00;-1.72;6.99;-49.06;89.71
18.54;1.92;0.23;4.17;-0.17;1.04;0.00;2.80;0.00;0.00;3.75;0.00;0.00;1.57;0.00;-1.88;6.58;-51.39;83.60
18.67;2.07;0.90;4.07;-0.59;1.04;0.00;2.80;0.00;0.00;3.75;0.00;0.00;1.57;0.00;-1.56;6.90;-46.62;88.40
18.81;2.14;0.58;4.01;-0.45;1.06;0.00;2.80;0.00;0.00;3.75;0.00;0.00;1.57;0.00;-1.43;6.78;-44.69;86.53
18.94;2.12;0.22;4.02;-0.18;1.06;0.00;2.80;0.00;0.00;3.75;0.00;0.00;1.57;0.00;-1.36;6.85;-