0.13;1.88;0.09;0.35;0.02;0.00;0.00;0.00;0.00;0.00;0.00;0.00;0.00;0.00;0.00;0.00;0.00;-23.16;-15.82
0.26;1.89;0.11;0.35;0.02;0.00;0.00;0.00;0.00;0.00;0.00;0.00;0.00;0.00;0.00;0.00;0.00;-23.16;-15.82
0.39;1.91;0.13;0.35;0.02;0.00;0.00;0.00;0.00;0.00;0.00;0.00;0.00;0.00;0.00;0.00;0.00;-23.16;-15.82
0.53;1.93;0.15;0.35;0.02;0.00;0.00;0.00;0.00;0.00;0.00;0.00;0.00;0.00;0.00;0.00;0.00;-23.16;-15.82
0.66;1.95;0.17;0.35;0.02;0.00;0.00;0.00;0.00;0.00;0.00;0.00;0.00;0.00;0.00;0.00;0.00;-23.16;-15.82
0.79;1.97;0.18;0.36;0.01;0.00;0.00;0.00;0.00;0.00;0.00;0.00;0.00;0.00;0.00;0.00;0.00;-23.16;-15.82
0.93;2.00;0.20;0.36;0.02;0.00;0.00;0.00;0.00;0.00;0.00;0.00;0.00;0.00;0.00;0.00;0.00;-23.16;-15.82
1.06;2.03;0.23;0.36;0.02;0.00;0.00;0.00;0.00;0.00;0.00;0.00;0.00;0.00;0.00;0.00;0.00;-23.16;-15.82
1.20;2.06;0.25;0.37;0.02;0.00;0.00;0.00;0.00;0.00;0.00;0.00;0.00;0.00;0.00;0.00;0.00;-23.16;-15.82
1.33;2.10;0.26;0.37;0.02;0.00;0.00;0.00;0.00;0.00;0.00;0.00;0.00;0.00;0.00;0.00;0.00;-23.16;-15.82
1.46;2.13;0.28;0.37;0.02;0.00;0.00;0.00;0.00;0.00;0.00;0.00;0.00;0.00;0.00;0.00;0.00;-23.16;-15.82
1.60;2.17;0.30;0.37;0.02;0.00;0.00;0.00;0.00;0.00;0.00;0.00;0.00;0.00;0.00;0.00;0.00;-23.16;-15.82
1.73;2.18;0.28;0.37;0.01;0.84;0.00;0.00;0.00;0.00;0.00;0.00;0.00;0.00;0.00;0.00;0.00;-23.16;-15.82
1.86;1.89;0.01;0.34;0.00;0.84;0.00;0.00;0.00;0.00;0.00;0.00;0.00;0.00;0.00;0.00;0.00;-23.16;-15.82
2.00;1.88;0.02;0.34;0.01;0.90;0.00;0.00;0.00;0.00;0.00;0.00;0.00;0.00;0.00;0.00;0.00;-23.16;-15.82
2.13;1.88;0.07;0.35;0.05;0.90;0.00;0.00;0.00;0.00;0.00;0.00;0.00;0.00;0.00;0.00;0.00;-23.16;-15.82
2.26;1.88;0.08;0.36;0.06;0.83;-0.00;0.00;0.00;0.00;0.00;0.00;0.00;0.00;0.00;0.00;0.00;-23.16;-15.82
2.40;1.89;0.08;0.37;0.07;0.83;0.00;0.00;0.00;0.00;0.00;0.00;0.00;0.00;0.00;0.00;0.00;-23.16;-15.82
2.53;1.89;0.02;0.36;0.02;0.84;0.00;0.00;0.00;0.00;0.00;0.00;0.00;0.00;0.00;0.00;0.00;-23.16;-15.82
2.66;1.88;-0.01;0.36;-0.00;0.84;0.00;0.00;0.00;0.00;0.00;0.00;0.00;0.00;0.00;0.00;0.00;-23.16;-15.82
2.80;1.87;-0.02;0.35;-0.01;0.85;0.00;0.00;0.00;0.00;0.00;0.00;0.00;0.00;0.00;0.00;0.00;-23.16;-15.82
2.93;1.87;-0.03;0.35;-0.01;0.85;0.00;0.00;0.00;0.00;0.00;0.00;0.00;0.00;0.00;0.00;0.00;-23.16;-15.82
3.06;1.87;-0.01;0.35;-0.00;0.85;-0.00;0.00;0.00;0.00;0.00;0.00;0.00;0.00;0.00;0.00;0.00;-23.16;-15.82
3.20;1.87;-0.01;0.35;-0.01;0.84;-0.00;0.00;0.00;0.00;0.00;0.00;0.00;0.00;0.00;0.00;0.00;-23.16;-15.82
3.33;1.88;0.01;0.35;0.01;0.84;0.00;0.00;0.00;0.00;0.00;0.00;0.00;0.00;0.00;0.00;0.00;-23.16;-15.82
3.47;1.88;0.01;0.35;0.01;0.85;0.00;0.00;0.00;0.00;0.00;0.00;0.00;0.00;0.00;0.00;0.00;-23.16;-15.82
3.60;1.88;-0.01;0.35;0.00;0.85;0.00;0.00;0.00;0.00;0.00;0.00;0.00;0.00;0.00;0.00;0.00;-23.16;-15.82
3.73;1.87;-0.01;0.35;-0.00;0.85;-0.00;0.00;0.00;0.00;0.00;0.00;0.00;0.00;0.00;0.00;0.00;-23.16;-15.82
3.87;1.87;-0.00;0.35;0.00;0.85;0.00;0.00;0.00;0.00;0.00;0.00;0.00;0.00;0.00;0.00;0.00;-23.16;-15.82
4.00;1.87;-0.00;0.35;0.00;0.84;-0.00;2.80;0.00;0.00;0.30;0.00;0.00;1.57;0.00;9.86;20.94;125.05;300.54
4.14;1.87;-0.01;0.35;-0.01;0.84;0.00;2.80;0.00;0.00;0.37;0.00;0.00;1.57;0.00;11.20;22.29;145.29;320.87
4.27;1.87;-0.00;0.35;-0.00;0.85;0.00;2.80;0.00;0.00;0.44;0.00;0.00;1.57;0.00;12.49;23.49;164.63;338.99
4.41;1.87;0.00;0.35;0.00;0.85;0.00;2.80;0.00;0.00;0.50;0.00;0.00;1.57;0.00;13.78;24.78;184.10;358.54
4.54;1.87;0.00;0.35;0.00;0.85;0.00;2.80;0.00;0.00;0.57;0.00;0.00;1.57;0.00;15.10;26.10;203.98;378.52
4.67;1.88;-0.02;0.36;0.03;0.90;0.00;2.80;0.00;0.00;0.64;0.00;0.00;1.57;0.00;15.89;26.29;215.76;381.25
4.81;1.88;0.04;0.37;0.00;1.00;0.00;2.80;0.00;0.00;0.70;0.00;0.00;1.57;0.00;16.23;25.29;220.96;366.16
4.94;1.89;0.05;0.39;0.22;1.00;0.00;2.80;0.00;0.00;0.77;0.00;0.00;1.57;0.00;17.27;26.33;236.61;381.88
5.08;1.89;-0.01;0.43;0.14;1.08;0.00;2.80;0.00;0.00;0.84;0.00;0.00;1.57;0.00;17.09;24.97;233.86;361.34
5.21;1.89;-0.00;0.45;0.10;1.32;0.00;2.80;0.00;0.00;0.91;0.00;0.00;1.57;0.00;15.75;19.89;213.63;284.65
5.35;1.83;-0.33;0.55;0.59;1.32;0.00;2.80;0.00;0.00;0.97;0.00;0.00;1.57;0.00;15.36;19.51;207.88;278.88
5.48;1.79;-0.32;0.59;0.33;2.22;0.00;2.80;0.00;0.00;1.04;0.00;0.00;1.57;0.00;-1.75;-11.80;-49.48;-194.12
5.62;1.77;-0.26;0.66;0.50;2.22;0.00;2.80;0.00;0.00;1.11;0.00;0.00;1.57;0.00;-2.06;-12.11;-54.06;-198.73
5.75;1.74;-0.28;0.73;0.53;3.19;0.00;2.80;0.00;0.00;1.18;0.00;0.00;1.57;0.00;-20.49;-37.13;-331.22;-576.73
5.89;1.74;-0.20;0.80;0.51;3.19;0.00;2.80;0.00;0.00;1.24;0.00;0.00;1.57;0.00;-20.52;-37.16;-331.69;-577.21
6.02;1.72;-0.20;0.86;0.53;3.49;0.00;2.80;0.00;0.00;1.31;0.00;0.00;1.57;0.00;-23.38;-39.04;-374.74;-605.57
6.16;1.71;-0.16;0.93;0.55;3.49;0.00;2.80;0.00;0.00;1.38;0.00;0.00;1.57;0.00;-23.58;-39.24;-377.72;-608.56
6.29;1.69;-0.16;1.00;0.52;3.62;0.00;2.80;0.00;0.00;1.45;0.00;0.00;1.57;0.00;-24.31;-39.13;-388.72;-606.96
6.43;1.67;-0.15;1.07;0.51;3.62;0.00;2.80;0.00;0.00;1.51;0.00;0.00;1.57;0.00;-24.73;-39.56;-395.06;-613.33
6.56;1.65;-0.17;1.12;0.48;3.70;0.00;2.80;0.00;0.00;1.58;0.00;0.00;1.57;0.00;-25.35;-39.45;-404.39;-611.81
6.70;1.63;-0.18;1.18;0.48;3.70;0.00;2.80;0.00;0.00;1.65;0.00;0.00;1.57;0.00;-25.95;-40.05;-413.41;-620.87
6.83;1.61;-0.19;1.23;0.45;3.77;0.00;2.80;0.00;0.00;1.72;0.00;0.00;1.57;0.00;-26.56;-40.02;-422.53;-620.42
6.97;1.58;-0.19;1.30;0.45;3.77;0.00;2.80;0.00;0.00;1.78;0.00;0.00;1.57;0.00;-27.20;-40.66;-432.14;-630.07
7.10;1.56;-0.18;1.32;0.35;3.77;0.00;2.80;0.00;0.00;1.85;0.00;0.00;1.57;0.00;-28.30;-41.77;-448.78;-646.79
7.23;1.54;-0.19;1.36;0.35;3.81;0.00;2.80;0.00;0.00;1.92;0.00;0.00;1.57;0.00;-29.04;-42.14;-459.83;-652.31
7.37;1.58;0.00;1.34;0.15;3.81;0.00;2.80;0.00;0.00;1.98;0.00;0.00;1.57;0.00;-29.73;-42.83;-470.29;-662.83
7.50;1.58;0.01;1.36;0.14;3.81;0.00;2.80;0.00;0.00;2.05;0.00;0.00;1.57;0.00;-30.51;-43.57;-481.97;-674.01
7.64;1.59;0.00;1.35;0.12;3.81;0.00;2.80;0.00;0.00;2.12;0.00;0.00;1.57;0.00;-31.54;-44.60;-497.44;-689.55
7.77;1.59;-0.00;1.36;0.11;3.81;0.00;2.80;0.00;0.00;2.19;0.00;0.00;1.57;0.00;-32.48;-45.55;-511.64;-703.82
7.91;1.59;-0.00;1.35;0.07;3.81;0.00;2.80;0.00;0.00;2.25;0.00;0.00;1.57;0.00;-33.71;-46.77;-530.01;-722.27
8.04;1.59;-0.00;1.35;0.04;3.81;-0.00;2.80;0.00;0.00;2.32;0.00;0.00;1.57;0.00;-34.82;-47.90;-546.81;-739.42
8.18;1.59;0.00;1.35;0.02;3.81;0.00;2.80;0.00;0.00;2.39;0.00;0.00;1.57;0.00;-36.02;-49.10;-564.83;-757.52
8.31;1.59;0.00;1.34;0.01;3.81;0.00;2.80;0.00;0.00;2.46;0.00;0.00;1.57;0.00;-37.19;-50.27;-582.47;-775.24
8.45;1.59;0.00;1.34;0.01;3.81;0.00;2.80;0.00;0.00;2.52;0.00;0.00;1.57;0.00;-38.34;-51.42;-599.75;-792.59
8.58;1.59;0.01;1.34;-0.01;3.81;-0.00;2.80;0.00;0.00;2.59;0.00;0.00;1.57;0.00;-39.42;-52.53;-615.92;-809.38
8.72;1.59;0.01;1.34;-0.01;3.81;0.00;2.80;0.00;0.00;2.66;0.00;0.00;1.57;0.00;-40.53;-53.65;-632.67;-826.21
8.85;1.59;0.01;1.34;-0.01;3.81;0.00;2.80;0.00;0.00;2.73;0.00;0.00;1.57;0.00;-41.63;-54.75;-649.18;-842.80
8.98;1.59;0.01;1.34;-0.01;3.81;0.00;2.80;0.00;0.00;2.79;0.00;0.00;1.57;0.00;-42.72;-55.84;-665.62;-859.31
9.12;1.59;0.00;1.34;-0.00;3.81;0.00;2.80;0.00;0.00;2.86;0.00;0.00;1.57;0.00;-43.84;-56.96;-682.46;-876.23
9.25;1.59;0.01;1.34;-0.00;3.81;0.00;2.80;0.00;0.00;2.93;0.00;0.00;1.57;0.00;-44.95;-58.07;-699.16;-893.01
9.39;1.59;0.01;1.34;0.01;3.81;0.00;2.80;0.00;0.00;2.99;0.00;0.00;1.57;0.00;-45.99;-59.11;-714.81;-908.72
9.52;1.59;0.01;1.34;0.01;3.80;-0.00;2.80;0.00;0.00;3.06;0.00;0.00;1.57;0.00;-47.02;-60.16;-730.26;-924.51
9.66;1.59;-0.01;1.34;-0.00;3.80;0.00;2.80;0.00;0.00;3.13;0.00;0.00;1.57;0.00;-48.22;-61.36;-748.31;-942.65
9.79;1.59;-0.01;1.34;-0.00;3.80;-0.00;2.80;0.00;0.00;3.20;0.00;0.00;1.57;0.00;-49.34;-62.49;-765.09;-959.78
9.93;1.59;0.00;1.34;-0.01;3.80;0.00;2.80;0.00;0.00;3.26;0.00;0.00;1.57;0.00;-50.46;-63.61;-781.90;-976.66
10.06;1.59;0.01;1.34;-0.00;3.80;0.00;2.80;0.00;0.00;3.33;0.00;0.00;1.57;0.00;-51.56;-64.69;-798.48;-993.05
10.19;1.59;0.01;1.34;0.00;3.80;0.00;2.80;0.00;0.00;3.40;0.00;0.00;1.57;0.00;-52.61;-65.74;-814.27;-1008.90
10.33;1.59;0.01;1.34;-0.01;3.80;-0.00;2.80;0.00;0.00;3.47;0.00;0.00;1.57;0.00;-53.67;-66.82;-830.20;-1025.17
10.47;1.60;0.01;1.34;-0.01;3.80;0.00;2.80;0.00;0.00;3.53;0.00;0.00;1.57;0.00;-54.77;-67.92;-846.76;-1041.81
10.60;1.59;-0.01;1.34;0.01;3.80;0.00;2.80;0.00;0.00;3.60;0.00;0.00;1.57;0.00;-55.90;-69.05;-863.72;-1058.84
10.73;1.59;-0.01;1.34;0.01;3.80;0.00;2.80;0.00;0.00;3.67;0.00;0.00;1.57;0.00;-57.01;-70.16;-880.48;-1075.69
10.87;1.59;0.00;1.34;0.01;3.80;0.00;2.80;0.00;0.00;3.74;0.00;0.00;1.57;0.00;-58.08;-71.23;-896.55;-1091.82
11.01;1.59;0.00;1.34;0.01;3.80;0.00;2.80;0.00;0.00;3.75;0.00;0.00;1.57;0.00;-58.29;-71.44;-899.75;-1095.04
11.14;1.59;-0.02;1.34;-0.00;3.80;0.00;2.80;0.00;0.00;3.75;0.00;0.00;1.57;0.00;-58.41;-71.56;-901.44;-1096.74
11.27;1.59;-0.02;1.34;-0.01;3.80;0.00;2.80;0.00;0.00;3.75;0.00;0.00;1.57;0.00;-58.55;-71.68;-903.58;-1098.61
11.41;1.59;0.01;1.34;-0.01;3.80;0.00;2.80;0.00;0.00;3.75;0.00;0.00;1.57;0.00;-58.48;-71.61;-902.49;-1097.52
11.54;1.59;0.01;1.34;-0.00;3.80;0.00;2.80;0.00;0.00;3.75;0.00;0.00;1.57;0.00;-58.43;-71.57;-901.86;-1096.89
11.68;1.59;-0.00;1.34;0.01;3.80;0.00;2.80;0.00;0.00;3.75;0.00;0.00;1.57;0.00;-58.41;-71.54;-901.43;-1096.46
11.81;1.59;-0.00;1.34;0.01;3.81;0.00;2.80;0.00;0.00;3.75;0.00;0.00;1.57;0.00;-58.45;-71.57;-902.13;-1096.89
11.95;1.59;-0.00;1.34;0.00;3.81;0.00;2.80;0.00;0.00;3.75;0.00;0.00;1.57;0.00;-58.47;-71.59;-902.44;-1097.21
12.08;1.59;0.00;1.34;0.00;3.81;0.00;2.80;0.00;0.00;3.75;0.00;0.00;1.57;0.00;-58.49;-71.60;-902.69;-1097.45
12.22;1.59;0.00;1.34;0.00;3.81;0.00;2.80;0.00;0.00;3.75;0.00;0.00;1.57;0.00;-58.49;-71.60;-902.69;-1097.45
12.35;1.59;-0.01;1.34;0.00;3.80;-0.00;2.80;0.00;0.00;3.75;0.00;0.00;1.57;0.00;-58.45;-71.58;-902.07;-1097.10
12.49;1.59;-0.01;1.34;0.00;3.80;0.00;2.80;0.00;0.00;3.75;0.00;0.00;1.57;0.00;-58.49;-71.62;-902.70;-1097.73
12.62;1.59;0.01;1.34;0.00;3.80;0.00;2.80;0.00;0.00;3.75;0.00;0.00;1.57;0.00;-58.44;-71.58;-902.00;-1097.03
12.76;1.59;0.03;1.34;-0.02;3.76;-0.00;2.80;0.00;0.00;3.75;0.00;0.00;1.57;0.00;-56.68;-70.27;-875.51;-1077.25
12.89;1.68;0.50;1.26;-0.45;3.76;0.00;2.80;0.00;0.00;3.75;0.00;0.00;1.57;0.00;-55.92;-69.50;-864.03;-1065.71
13.03;1.75;0.55;1.20;-0.53;3.76;0.00;2.80;0.00;0.00;3.75;0.00;0.00;1.57;0.00;-55.40;-68.99;-856.29;-1057.94
13.16;1.68;0.02;1.26;-0.03;3.76;0.00;2.80;0.00;0.00;3.75;0.00;0.00;1.57;0.00;-55.98;-69.56;-864.90;-1066.60
13.30;1.69;0.02;1.25;-0.03;3.76;0.00;2.80;0.00;0.00;3.75;0.00;0.00;1.57;0.00;-55.97;-69.56;-864.85;-1066.54
13.43;1.69;0.02;1.25;-0.03;3.76;0.00;2.80;0.00;0.00;3.75;0.00;0.00;1.57;0.00;-55.97;-69.55;-864.80;-1066.49
13.56;1.69;0.02;1.25;-0.03;3.76;0.00;2.80;0.00;0.00;3.75;0.00;0.00;1.57;0.00;-55.95;-69.54;-864.52;-1066.21
13.70;1.70;0.02;1.24;-0.03;3.76;0.00;2.80;0.00;0.00;3.75;0.00;0.00;1.57;0.00;-55.95;-69.53;-864.47;-1066.16
13.83;1.66;0.00;1.28;-0.00;3.76;-0.00;2.80;0.00;0.00;3.75;0.00;0.00;1.57;0.00;-56.10;-69.70;-866.80;-1068.75
13.97;1.64;0.00;1.29;0.00;3.76;0.00;2.80;0.00;0.00;3.75;0.00;0.00;1.57;0.00;-56.21;-69.81;-868.42;-1070.38
14.10;1.64;0.00;1.30;0.00;3.76;0.00;2.80;0.00;0.00;3.75;0.00;0.00;1.57;0.00;-56.27;-69.86;-869.34;-1071.05
14.24;1.64;0.00;1.30;0.00;3.76;0.00;2.80;0.00;0.00;3.75;0.00;0.00;1.57;0.00;-56.27;-69.86;-869.34;-1071.05
14.37;1.64;0.01;1.30;0.00;3.76;-0.00;2.80;0.00;0.00;3.75;0.00;0.00;1.57;0.00;-56.18;-69.78;-867.96;-1069.92
14.51;1.65;0.01;1.30;0.00;3.76;0.00;2.80;0.00;0.00;3.75;0.00;0.00;1.57;0.00;-56.14;-69.74;-867.30;-1069.26
14.64;1.64;0.00;1.30;-0.01;3.76;-0.00;2.80;0.00;0.00;3.75;0.00;0.00;1.57;0.00;-56.12;-69.74;-867.13;-1069.34
14.78;1.64;-0.00;1.29;-0.01;3.76;0.00;2.80;0.00;0.00;3.75;0.00;0.00;1.57;0.00;-56.15;-69.77;-867.59;-1069.80
14.91;1.64;0.00;1.29;-0.00;3.76;0.00;2.80;0.00;0.00;3.75;0.00;0.00;1.57;0.00;-56.16;-69.78;-867.69;-1069.90
15.05;1.64;-0.00;1.29;-0.01;3.76;0.00;2.80;0.00;0.00;3.75;0.00;0.00;1.57;0.00;-56.23;-69.83;-868.75;-1070.71
15.18;1.64;0.00;1.30;-0.00;3.76;0.00;2.80;0.00;0.00;3.75;0.00;0.00;1.57;0.00;-56.22;-69.82;-868.52;-1070.48
15.32;1.63;-0.18;1.31;0.14;3.80;0.00;2.80;0.00;0.00;3.75;0.00;0.00;1.57;0.00;-58.05;-71.22;-896.14;-1091.69
15.45;1.51;-0.66;1.40;0.52;3.80;0.00;2.80;0.00;0.00;3.75;0.00;0.00;1.57;0.00;-58.97;-72.14;-909.93;-1105.54
15.59;1.52;-0.23;1.39;0.19;3.75;-0.00;2.80;0.00;0.00;3.75;0.00;0.00;1.57;0.00;-57.18;-70.83;-883.02;-1085.81
15.72;1.62;0.21;1.32;-0.10;3.75;0.00;2.80;0.00;0.00;3.75;0.00;0.00;1.57;0.00;-56.10;-69.76;-866.83;-1069.55
15.86;1.70;0.20;1.26;-0.16;3.68;-0.00;2.80;0.00;0.00;3.75;0.00;0.00;1.57;0.00;-52.37;-66.64;-810.62;-1022.43
15.99;1.73;0.20;1.23;-0.17;3.68;0.00;2.80;0.00;0.00;3.75;0.00;0.00;1.57;0.00;-51.99;-66.26;-804.89;-1016.67
16.13;1.76;0.22;1.20;-0.19;3.58;-0.00;2.80;0.00;0.00;3.75;0.00;0.00;1.57;0.00;-46.49;-61.57;-722.32;-945.94
16.26;1.79;0.23;1.17;-0.21;3.58;0.00;2.80;0.00;0.00;3.75;0.00;0.00;1.57;0.00;-46.05;-61.13;-715.68;-939.27
16.40;1.82;0.21;1.15;-0.19;3.58;0.00;2.80;0.00;0.00;3.75;0.00;0.00;1.57;0.00;-45.69;-60.77;-710.23;-933.81
16.53;1.84;0.22;1.13;-0.20;3.58;0.00;2.80;0.00;0.00;3.75;0.00;0.00;1.57;0.00;-45.29;-60.37;-704.15;-927.70
16.67;1.88;0.23;1.10;-0.22;3.58;0.00;2.80;0.00;0.00;3.75;0.00;0.00;1.57;0.00;-44.85;-59.93;-697.66;-921.18
16.80;1.91;0.23;1.07;-0.25;3.58;0.00;2.80;0.00;0.00;3.75;0.00;0.00;1.57;0.00;-44.47;-59.55;-691.90;-915.39
16.93;1.93;0.15;1.03;-0.30;3.58;0.00;2.80;0.00;0.00;3.75;0.00;0.00;1.57;0.00;-44.27;-59.35;-688.93;-912.41
17.07;1.97;0.29;1.00;-0.17;3.58;0.00;2.80;0.00;0.00;3.75;0.00;0.00;1.57;0.00;-43.62;-58.70;-679.05;-902.48
17.20;2.01;0.31;0.98;-0.18;3.58;0.00;2.80;0.00;0.00;3.75;0.00;0.00;1.57;0.00;-42.93;-58.01;-668.66;-892.04
17.34;2.06;0.32;0.95;-0.19;3.58;0.00;2.80;0.00;0.00;3.75;0.00;0.00;1.57;0.00;-42.15;-57.23;-656.94;-880.27
17.47;2.10;0.33;0.93;-0.21;3.58;0.00;2.80;0.00;0.00;3.75;0.00;0.00;1.57;0.00;-41.43;-56.51;-646.14;-869.42
17.60;1.95;0.15;1.05;-0.10;3.00;-0.00;2.80;0.00;0.00;3.75;0.00;0.00;1.57;0.00;-4.29;-20.79;-87.61;-329.93
17.74;1.88;0.07;1.12;-0.05;3.00;0.00;2.80;0.00;0.00;3.75;0.00;0.00;1.57;0.00;-6.52;-23.03;-121.21;-363.69
17.87;1.90;0.29;1.09;-0.26;2.28;-0.00;2.80;0.00;0.00;3.75;0.00;0.00;1.57;0.00;43.86;33.06;636.41;483.57
18.01;1.98;0.79;1.08;-0.14;2.28;0.00;2.80;0.00;0.00;3.75;0.00;0.00;1.57;0.00;45.62;34.82;662.87;510.15
18.14;2.01;0.38;1.06;-0.08;1.66;-0.00;2.80;0.00;0.00;3.75;0.00;0.00;1.57;0.00;70.33;68.79;1034.36;1023.24
18.28;2.05;0.29;1.04;-0.16;1.66;0.00;2.80;0.00;0.00;3.75;0.00;0.00;1.57;0.00;70.96;69.43;1043.98;1032.90
18.42;2.01;0.10;1.01;-0.21;1.39;-0.00;2.80;0.00;0.00;3.75;0.00;0.00;1.57;0.00;74.19;77.17;1092.40;1149.82
18.55;2.01;0.05;0.98;-0.20;1.40;0.00;2.80;0.00;0.00;3.75;0.00;0.00;1.57;0.00;74.82;77.65;1101.89;1157.18
18.68;1.98;-0.01;1.06;0.12;1.40;0.00;2.80;0.00;0.00;3.75;0.00;0.00;1.57;0.00;72.92;75.76;1073.44;1128.61
18.82;1.98;-0.02;1.08;0.14;1.38;-0.00;2.80;0.00;0.00;3.75;0.00;0.00;1.57;0.00;72.36;75.54;1064.95;1125.26
18.95;2.00;0.13;1.14;0.39;1.38;0.00;2.80;0.00;0.00;3.75;0.00;0.00;1.57;0.00;70.76;73.94;1040.89;1101.10
19.09;2.02;0.15;1.19;0.42;1.36;-0.00;2.80;0.00;0.00;3.75;0.00;0.00;1.57;0.00;69.30;72.82;1018.92;1084.19
19.22;2.03;0.14;1.24;0.56;1.36;0.00;2.80;0.00;0.00;3.75;0.00;0.00;1.57;0.00;67.90;71.42;997.91;1063.09
19.36;2.04;0.09;1.28;0.36;1.33;-0.00;2.80;0.00;0.00;3.75;0.00;0.00;1.57;0.00;66.85;70.77;982.12;1053.22
19.49;2.04;0.08;1.28;0.15;1.33;0.00;2.80;0.00;0.00;3.75;0.00;0.00;1.57;0.00;66.86;70.78;982.22;1053.32
19.63;2.05;0.14;1.32;0.41;1.32;-0.00;2.80;0.00;0.00;3.75;0.00;0.00;1.57;0.00;65.66;69.75;964.24;1037.82
19.76;2.08;0.18;1.40;0.66;1.32;0.00;2.80;0.00;0.00;3.75;0.00;0.00;1.57;0.00;63.33;67.42;929.23;1002.65
19.90;2.09;0.15;1.44;0.52;1.38;0.00;2.80;0.00;0.00;3.75;0.00;0.00;1.57;0.00;62.46;65.55;916.08;974.42
20.03;2.11;0.20;1.53;0.66;1.38;0.00;2.80;0.00;0.00;3.75;0.00;0.00;1.57;0.00;60.02;63.12;879.47;937.65
20.17;2.12;0.16;1.57;0.60;1.38;0.00;2.80;0.00;0.00;3.75;0.00;0.00;1.57;0.00;59.05;62.15;864.86;922.97
20.30;2.15;0.19;1.65;0.67;1.28;-0.00;2.80;0.00;0.00;3.75;0.00;0.00;1.57;0.00;56.28;61.13;823.19;907.55
20.44;2.18;0.29;1.70;0.75;1.28;0.00;2.80;0.00;0.00;3.75;0.00;0.00;1.57;0.00;54.67;59.52;798.97;883.23
20.57;2.22;0.33;1.79;0.75;1.22;-0.00;2.80;0.00;0.00;3.75;0.00;0.00;1.57;0.00;51.49;57.19;751.10;848.06
20.71;2.24;0.34;1.83;0.78;1.22;0.00;2.80;0.00;0.00;3.75;0.00;0.00;1.57;0.00;50.33;56.03;733.63;830.51
20.84;2.28;0.33;1.92;0.79;1.20;-0.00;2.80;0.00;0.00;3.75;0.00;0.00;1.57;0.00;47.57;53.65;692.23;794.68
20.98;2.29;0.30;1.95;0.79;1.20;0.00;2.80;0.00;0.00;3.75;0.00;0.00;1.57;0.00;46.61;52.69;677.76;780.14
21.11;2.31;0.26;2.02;0.67;1.17;-0.00;2.80;0.00;0.00;3.75;0.00;0.00;1.57;0.00;44.36;50.88;643.98;752.71
21.25;2.33;0.26;2.05;0.63;1.17;0.00;2.80;0.00;0.00;3.75;0.00;0.00;1.57;0.00;43.34;49.85;628.55;737.22
21.38;2.35;0.25;2.09;0.53;1.15;-0.00;2.80;0.00;0.00;3.75;0.00;0.00;1.57;0.00;41.93;48.73;607.32;720.33
21.51;2.38;0.27;2.16;0.64;1.15;0.00;2.80;0.00;0.00;3.75;0.00;0.00;1.57;0.00;39.96;46.76;577.72;690.59
21.65;2.40;0.20;2.20;0.46;1.13;-0.00;2.80;0.00;0.00;3.75;0.00;0.00;1.57;0.00;38.54;45.61;556.35;673.12
21.78;2.42;0.21;2.26;0.48;1.13;0.00;2.80;0.00;0.00;3.75;0.00;0.00;1.57;0.00;36.65;43.72;527.99;644.63
21.92;2.45;0.22;2.31;0.53;1.13;0.00;2.80;0.00;0.00;3.75;0.00;0.00;1.57;0.00;35.16;42.23;505.56;622.09
22.05;2.47;0.20;2.38;0.51;1.05;-0.00;2.80;0.00;0.00;3.75;0.00;0.00;1.57;0.00;31.75;40.11;454.35;590.12
22.19;2.50;0.19;2.43;0.43;1.05;0.00;2.80;0.00;0.00;3.75;0.00;0.00;1.57;0.00;30.39;38.75;433.86;569.54
22.32;2.52;0.10;2.47;0.27;1.06;0.00;2.80;0.00;0.00;3.75;0.00;0.00;1.57;0.00;29.51;37.62;420.67;552.47
22.46;2.54;0.13;2.52;0.44;1.06;0.00;2.80;0.00;0.00;3.75;0.00;0.00;1.57;0.00;28.03;36.13;398.32;530.01
22.59;2.56;0.15;2.58;0.49;1.06;-0.00;2.80;0.00;0.00;3.75;0.00;0.00;1.57;0.00;26.25;34.43;371.52;504.24
22.73;2.61;0.26;2.66;0.60;1.06;0.00;2.80;0.00;0.00;3.75;0.00;0.00;1.57;0.00;23.84;32.02;335.27;467.83
22.86;2.65;0.25;2.72;0.48;1.03;-0.00;2.80;0.00;0.00;3.75;0.00;0.00;1.57;0.00;21.46;29.99;299.56;437.28
23.00;2.67;0.16;2.74;0.31;1.03;0.00;2.80;0.00;0.00;3.75;0.00;0.00;1.57;0.00;20.61;29.14;286.71;424.37
23.13;2.70;0.29;2.80;0.53;1.02;-0.00;2.80;0.00;0.00;3.75;0.00;0.00;1.57;0.00;18.69;27.43;257.95;398.48
23.26;2.74;0.22;2.87;0.45;1.02;0.00;2.80;0.00;0.00;3.75;0.00;0.00;1.57;0.00;16.47;25.20;224.48;364.86
23.40;2.77;0.17;2.91;0.35;1.00;-0.00;2.80;0.00;0.00;3.75;0.00;0.00;1.57;0.00;14.90;23.90;200.85;345.22
23.53;2.78;0.10;2.94;0.25;1.00;0.00;2.80;0.00;0.00;3.75;0.00;0.00;1.57;0.00;13.84;22.85;185.02;329.32
23.67;2.56;-0.90;3.01;0.24;1.27;0.00;2.80;0.00;0.00;3.75;0.00;0.00;1.57;0.00;18.31;23.27;252.25;335.71
23.80;2.39;-1.04;3.03;0.23;1.06;-0.00;2.80;0.00;0.00;3.75;0.00;0.00;1.57;0.00;17.96;26.04;246.91;377.54
23.94;2.40;-0.30;3.35;1.13;1.06;0.00;2.80;0.00;0.00;3.75;0.00;0.00;1.57;0.00;10.46;18.54;134.18;264.29
24.07;2.37;-0.28;3.51;1.12;1.01;-0.00;2.80;0.00;0.00;3.75;0.00;0.00;1.57;0.00;7.25;16.08;85.85;227.10
24.21;2.40;-0.22;3.61;0.83;1.01;0.00;2.80;0.00;0.00;3.75;0.00;0.00;1.57;0.00;4.44;13.27;43.55;184.61
24.34;2.37;-0.19;3.71;0.81;0.98;-0.00;2.80;0.00;0.00;3.75;0.00;0.00;1.57;0.00;2.54;11.88;14.98;163.64
24.48;2.37;-0.14;3.79;0.78;0.98;0.00;2.80;0.00;0.00;3.75;0.00;0.00;1.57;0.00;0.97;10.31;-8.59;139.97
24.61;2.36;-0.13;3.89;0.76;0.95;-0.00;2.80;0.00;0.00;3.75;0.00;0.00;1.57;0.00;-0.98;8.65;-37.95;114.81
24.75;2.34;-0.18;3.98;0.74;0.95;0.00;2.80;0.00;0.00;3.75;0.00;0.00;1.57;0.00;-2.68;6.95;-63.41;89.24
24.88;2.40;0.15;4.01;0.50;0.95;-0.00;2.80;0.00;0.00;3.75;0.00;0.00;1.57;0.00;-4.23;5.43;-86.74;66.15
25.02;2.52;0.47;3.98;0.25;0.95;0.00;2.80;0.00;0.00;3.75;0.00;0.00;1.57;0.00;-5.63;4.03;-107.80;45.00
25.15;2.41;-0.32;4.13;0.71;0.94;-0.00;2.80;0.00;0.00;3.75;0.00;0.00;1.57;0.00;-6.88;2.94;-126.59;28.62
25.29;2.34;-0.43;4.23;0.73;0.94;0.00;2.80;0.00;0.00;3.75;0.00;0.00;1.57;0.00;-8.04;1.78;-144.01;11.12
25.42;2.16;-0.65;4.41;0.90;0.94;-0.00;2.80;0.00;0.00;3.75;0.00;0.00;1.57;0.00;-9.01;0.85;-158.69;-2.91
25.55;2.07;-0.67;4.54;0.92;0.94;0.00;2.80;0.00;0.00;3.75;0.00;0.00;1.57;0.00;-10.33;-0.46;-178.49;-22.81
25.69;2.20;0.09;4.44;0.20;0.94;0.00;2.80;0.00;0.00;3.75;0.00;0.00;1.57;0.00;-10.30;-0.43;-178.07;-22.39
25.82;2.22;0.12;4.46;0.18;1.00;0.00;2.80;0.00;0.00;3.75;0.00;0.00;1.57;0.00;-12.14;-3.19;-205.77;-63.98
25.96;2.19;-0.11;4.49;0.28;1.00;0.00;2.80;0.00;0.00;3.75;0.00;0.00;1.57;0.00;-12.39;-3.44;-209.48;-67.71
26.09;2.17;-0.10;4.53;0.25;1.05;0.00;2.80;0.00;0.00;3.75;0.00;0.00;1.57;0.00;-13.74;-5.41;-229.83;-97.54
26.23;2.08;-0.29;4.60;0.34;1.05;0.00;2.80;0.00;0.00;3.75;0.00;0.00;1.57;0.00;-14.18;-5.85;-236.40;-104.14
26.36;2.06;-0.25;4.63;0.30;1.07;0.00;2.80;0.00;0.00;3.75;0.00;0.00;1.57;0.00;-15.11;-7.13;-250.31;-123.49
26.50;2.10;0.01;4.59;0.05;1.07;0.00;2.80;0.00;0.00;3.75;0.00;0.00;1.57;0.00;-14.70;-6.72;-244.20;-117.34
26.63;2.06;-0.42;4.62;0.20;1.13;0.00;2.80;0.00;0.00;3.75;0.00;0.00;1.57;0.00;-16.09;-9.02;-265.08;-152.04
26.77;1.87;-1.21;4.70;0.45;1.13;0.00;2.80;0.00;0.00;3.75;0.00;0.00;1.57;0.00;-16.01;-8.94;-263.85;-150.80
26.90;1.75;-0.86;4.79;0.47;1.06;-0.00;2.80;0.00;0.00;3.75;0.00;0.00;1.57;0.00;-14.66;-6.58;-243.68;-115.28
27.03;1.68;-0.65;4.87;0.49;1.06;0.00;2.80;0.00;0.00;3.75;0.00;0.00;1.57;0.00;-15.58;-7.50;-257.51;-129.17
27.17;1.86;0.13;4.76;-0.11;1.08;0.00;2.80;0.00;0.00;3.75;0.00;0.00;1.57;0.00;-15.98;-8.16;-263.53;-139.08
27.30;1.90;0.18;4.74;-0.14;1.08;0.00;2.80;0.00;0.00;3.75;0.00;0.00;1.57;0.00;-15.82;-8.00;-261.10;-136.64
27.44;2.03;0.36;4.63;-0.32;1.05;-0.00;2.80;0.00;0.00;3.75;0.00;0.00;1.57;0.00;-14.33;-6.05;-238.65;-107.17
27.57;2.09;0.36;4.58;-0.33;1.03;-0.00;2.80;0.00;0.00;3.75;0.00;0.00;1.57;0.00;-13.50;-4.92;-226.22;-90.13
27.71;2.15;0.40;4.53;-0.34;1.03;0.00;2.80;0.00;0.00;3.75;0.00;0.00;1.57;0.00;-13.24;-4.66;-222.25;-86.14
27.84;2.21;0.41;4.48;-0.35;1.01;-0.00;2.80;0.00;0.00;3.75;0.00;0.00;1.57;0.00;-12.65;-3.82;-213.38;-73.48
27.98;2.25;0.38;4.45;-0.33;1.01;0.00;2.80;0.00;0.00;3.75;0.00;0.00;1.57;0.00;-12.54;-3.71;-211.72;-71.82
28.11;2.31;0.38;4.41;-0.33;1.00;-0.00;2.80;0.00;0.00;3.75;0.00;0.00;1.57;0.00;-12.08;-3.05;-204.85;-61.95
28.25;2.35;0.39;4.37;-0.32;1.00;0.00;2.80;0.00;0.00;3.75;0.00;0.00;1.57;0.00;-12.01;-2.98;-203.72;-60.81
28.38;2.37;0.24;4.36;-0.21;1.00;0.00;2.80;0.00;0.00;3.75;0.00;0.00;1.57;0.00;-11.95;-2.93;-202.93;-60.02
28.52;2.31;0.01;4.40;-0.01;1.00;0.00;2.80;0.00;0.00;3.75;0.00;0.00;1.57;0.00;-12.15;-3.12;-205.91;-63.02
28.65;2.38;0.65;4.36;-0.49;0.99;-0.00;2.80;0.00;0.00;3.75;0.00;0.00;1.57;0.00;-11.88;-2.70;-201.75;-56.62
28.79;2.52;1.11;4.24;-0.86;0.99;0.00;2.80;0.00;0.00;3.75;0.00;0.00;1.57;0.00;-11.43;-2.26;-195.04;-49.88
28.92;2.38;-0.15;4.35;0.15;1.00;0.00;2.80;0.00;0.00;3.75;0.00;0.00;1.57;0.00;-11.96;-2.93;-203.06;-60.15
29.06;2.31;-0.30;4.42;0.29;1.00;0.00;2.80;0.00;0.00;3.75;0.00;0.00;1.57;0.00;-12.34;-3.31;-208.75;-65.87
29.19;2.26;-0.03;4.45;0.02;1.00;0.00;2.80;0.00;0.00;3.75;0.00;0.00;1.57;0.00;-12.46;-3.43;-210.56;-67.68
29.32;2.26;-0.01;4.45;0.00;1.00;0.00;2.80;0.00;0.00;3.75;0.00;0.00;1.57;0.00;-12.43;-3.40;-210.12;-67.25
29.46;2.28;0.00;4.43;0.00;1.00;0.00;2.80;0.00;0.00;3.75;0.00;0.00;1.57;0.00;-12.30;-3.27;-208.16;-65.28
29.59;2.28;0.00;4.43;0.00;1.00;0.00;2.80;0.00;0.00;3.75;0.00;0.00;1.57;0.00;-12.30;-3.27;-208.16;-65.28
29.73;2.28;0.00;4.43;-0.00;1.00;0.00;2.80;0.00;0.00;3.75;0.00;0.00;1.57;0.00;-12.28;-3.25;-207.82;-64.94
29.86;2.28;0.00;4.43;-0.00;1.00;0.00;2.80;0.00;0.00;3.75;0.00;0.00;1.57;0.00;-12.28;-3.25;-207.82;-64.94
30.00;2.29;0.00;4.43;0.00;1.00;0.00;2.80;0.00;0.00;3.75;0.00;0.00;1.57;0.00;-12.31;-3.28;-208.26;-65.37
30.13;2.29;0.00;4.43;0.00;1.00;0.00;2.80;0.00;0.00;3.75;0.00;0.00;1.57;0.00;-12.31;-3.28;-208.26;-65.37
30.26;2.29;0.00;4.43;0.00;1.00;0.00;2.80;0.00;0.00;3.75;0.00;0.00;1.57;0.00;-12.31;-3.28;-208.26;-65.37
30.40;2.29;0.01;4.43;-0.00;1.00;-0.00;2.80;0.00;0.00;3.75;0.00;0.00;1.57;0.00;-12.30;-3.25;-208.10;-64.84
30.53;2.29;0.02;4.43;-0.01;1.00;0.00;2.80;0.00;0.00;3.75;0.00;0.00;1.57;0.00;-12.31;-3.26;-208.30;-65.04
30.67;2.29;0.00;4.43;-0.00;1.00;0.00;2.80;0.00;0.00;3.75;0.00;0.00;1.57;0.00;-12.32;-3.29;-208.45;-65.57
30.80;2.29;-0.01;4.43;0.00;1.00;0.00;2.80;0.00;0.00;3.75;0.00;0.00;1.57;0.00;-12.30;-3.27;-208.14;-65.25
30.94;2.29;0.01;4.43;-0.01;1.00;-0.00;2.80;0.00;0.00;3.75;0.00;0.00;1.57;0.00;-12.25;-3.20;-207.43;-64.17
31.07;2.29;0.01;4.43;-0.01;1.00;0.00;2.80;0.00;0.00;3.75;0.00;0.00;1.57;0.00;-12.26;-3.21;-207.53;-64.27
31.21;2.42;0.88;4.32;-0.76;0.99;-0.00;2.80;0.00;0.00;3.75;0.00;0.00;1.57;0.00;-11.70;-2.52;-199.09;-53.95
31.34;2.59;1.22;4.17;-1.09;0.99;0.00;2.80;0.00;0.00;3.75;0.00;0.00;1.57;0.00;-10.89;-1.72;-186.95;-41.76
31.48;2.47;0.05;4.27;-0.05;0.99;0.00;2.80;0.00;0.00;3.75;0.00;0.00;1.57;0.00;-11.39;-2.22;-194.50;-49.34
31.61;2.46;-0.00;4.28;0.00;0.99;0.00;2.80;0.00;0.00;3.75;0.00;0.00;1.57;0.00;-11.45;-2.27;-195.30;-50.15
31.75;2.38;0.00;4.35;0.01;0.99;0.00;2.80;0.00;0.00;3.75;0.00;0.00;1.57;0.00;-11.90;-2.72;-202.08;-56.95
31.88;2.38;0.00;4.36;0.01;0.99;-0.00;2.80;0.00;0.00;3.75;0.00;0.00;1.57;0.00;-11.90;-2.70;-202.12;-56.63
32.01;2.38;0.00;4.36;0.00;0.99;0.00;2.80;0.00;0.00;3.75;0.00;0.00;1.57;0.00;-11.89;-2.69;-202.01;-56.52
32.15;2.38;0.00;4.36;0.01;0.99;0.00;2.80;0.00;0.00;3.75;0.00;0.00;1.57;0.00;-11.92;-2.72;-202.34;-56.85
32.28;2.38;0.00;4.36;0.01;0.99;0.00;2.80;0.00;0.00;3.75;0.00;0.00;1.57;0.00;-11.94;-2.74;-202.68;-57.19
32.42;2.38;-0.00;4.36;0.00;0.99;0.00;2.80;0.00;0.00;3.75;0.00;0.00;1.57;0.00;-11.92;-2.75;-202.42;-57.30
32.55;2.38;-0.00;4.35;-0.00;0.99;0.00;2.80;0.00;0.00;3.75;0.00;0.00;1.57;0.00;-11.84;-2.66;-201.19;-56.07
32.69;2.38;-0.01;4.35;-0.00;0.99;0.00;2.80;0.00;0.00;3.75;0.00;0.00;1.57;0.00;-11.80;-2.63;-200.64;-55.51
32.82;2.38;-0.01;4.35;-0.01;0.99;0.00;2.80;0.00;0.00;3.75;0.00;0.00;1.57;0.00;-11.77;-2.59;-200.08;-54.95
32.95;2.38;-0.01;4.35;-0.01;0.99;0.00;2.80;0.00;0.00;3.75;0.00;0.00;1.57;0.00;-11.73;-2.55;-199.53;-54.39
33.09;2.37;-0.01;4.35;-0.01;0.99;0.00;2.80;0.00;0.00;3.75;0.00;0.00;1.57;0.00;-11.69;-2.52;-198.97;-53.83
33.22;2.37;-0.01;4.35;-0.01;0.99;0.00;2.80;0.00;0.00;3.75;0.00;0.00;1.57;0.00;-11.65;-2.48;-198.42;-53.28
33.36;2.37;-0.01;4.35;-0.01;0.99;0.00;2.80;0.00;0.00;3.75;0.00;0.00;1.57;0.00;-11.60;-2.45;-197.60;-52.83
33.49;2.38;0.00;4.35;-0.00;0.99;0.00;2.80;0.00;0.00;3.75;0.00;0.00;1.57;0.00;-11.77;-2.62;-200.15;-55.38
33.63;2.38;0.00;4.35;-0.00;0.99;-0.00;2.80;0.00;0.00;3.75;0.00;0.00;1.57;0.00;-11.75;-2.58;-199.85;-54.72
33.76;2.38;0.01;4.36;0.02;0.99;0.00;2.80;0.00;0.00;3.75;0.00;0.00;1.57;0.00;-11.91;-2.73;-202.19;-57.07
33.90;2.38;0.01;4.36;0.02;0.99;0.00;2.80;0.00;0.00;3.75;0.00;0.00;1.57;0.00;-11.99;-2.81;-203.41;-58.30
34.03;2.38;0.00;4.36;0.00;0.99;0.00;2.80;0.00;0.00;3.75;0.00;0.00;1.57;0.00;-11.91;-2.74;-202.30;-57.18
34.16;2.38;0.00;4.36;0.00;0.99;0.00;2.80;0.00;0.00;3.75;0.00;0.00;1.57;0.00;-11.93;-2.75;-202.52;-57.40
34.30;2.38;0.00;4.36;0.00;0.99;0.00;2.80;0.00;0.00;3.75;0.00;0.00;1.57;0.00;-11.93;-2.75;-202.52;-57.40
34.43;2.31;-0.30;4.41;0.24;1.00;0.00;2.80;0.00;0.00;3.75;0.00;0.00;1.57;0.00;-12.25;-3.22;-207.31;-64.42
34.57;2.22;-0.50;4.48;0.39;1.00;0.00;2.80;0.00;0.00;3.75;0.00;0.00;1.57;0.00;-12.53;-3.50;-211.59;-68.72
34.70;2.15;-0.58;4.54;0.45;1.00;0.00;2.80;0.00;0.00;3.75;0.00;0.00;1.57;0.00;-12.73;-3.70;-214.59;-71.73
34.84;2.06;-0.66;4.60;0.52;1.00;0.00;2.80;0.00;0.00;3.75;0.00;0.00;1.57;0.00;-12.99;-3.96;-218.47;-75.63
34.97;1.97;-0.74;4.67;0.57;1.00;0.00;2.80;0.00;0.00;3.75;0.00;0.00;1.57;0.00;-13.26;-4.24;-222.63;-79.81
35.10;1.86;-0.83;4.76;0.65;1.00;0.00;2.80;0.00;0.00;3.75;0.00;0.00;1.57;0.00;-13.61;-4.58;-227.75;-84.95
35.24;1.74;-0.91;4.85;0.72;1.00;0.00;2.80;0.00;0.00;3.75;0.00;0.00;1.57;0.00;-14.01;-4.98;-233.78;-91.01
35.37;1.65;-0.94;4.93;0.74;1.04;0.00;2.80;0.00;0.00;3.75;0.00;0.00;1.57;0.00;-15.71;-7.22;-259.37;-124.94
35.51;2.25;0.03;4.46;0.00;1.04;0.00;2.80;0.00;0.00;3.75;0.00;0.00;1.57;0.00;-13.00;-4.52;-218.64;-84.03
35.64;2.25;0.03;4.46;0.00;1.04;0.00;2.80;0.00;0.00;3.75;0.00;0.00;1.57;0.00;-13.07;-4.58;-219.66;-85.06
35.78;2.26;0.04;4.46;0.00;1.04;0.00;2.80;0.00;0.00;3.75;0.00;0.00;1.57;0.00;-13.14;-4.65;-220.69;-86.08
35.91;2.33;0.30;4.40;-0.28;1.07;0.00;2.80;0.00;0.00;3.75;0.00;0.00;1.57;0.00;-13.10;-5.09;-220.09;-92.73
36.04;2.71;1.35;4.03;-1.43;1.07;0.00;2.80;0.00;0.00;3.75;0.00;0.00;1.57;0.00;-9.27;-1.26;-162.51;-34.90
36.18;2.83;1.07;3.89;-1.17;1.07;-0.00;2.80;0.00;0.00;3.75;0.00;0.00;1.57;0.00;-7.63;0.40;-137.85;-9.74
36.31;2.80;0.42;3.91;-0.48;1.07;0.00;2.80;0.00;0.00;3.75;0.00;0.00;1.57;0.00;-7.73;0.30;-139.44;-11.33
36.45;2.70;0.03;3.99;-0.17;0.99;-0.00;2.80;0.00;0.00;3.75;0.00;0.00;1.57;0.00;-8.39;0.81;-149.33;-3.61
36.58;2.61;-0.14;4.04;-0.05;0.99;0.00;2.80;0.00;0.00;3.75;0.00;0.00;1.57;0.00;-8.31;0.89;-148.13;-2.40
36.72;2.60;-0.13;4.03;-0.22;0.93;-0.00;2.80;0.00;0.00;3.75;0.00;0.00;1.57;0.00;-7.77;2.14;-140.03;16.54
36.85;2.57;-0.21;4.00;-0.26;0.93;0.00;2.80;0.00;0.00;3.75;0.00;0.00;1.57;0.00;-6.74;3.18;-124.46;32.17
36.99;2.63;0.06;3.95;-0.29;0.82;-0.00;2.80;0.00;0.00;3.75;0.00;0.00;1.57;0.00;-6.60;4.78;-122.48;56.43
37.12;2.64;0.03;3.91;-0.32;0.82;0.00;2.80;0.00;0.00;3.75;0.00;0.00;1.5