0.13;3.90;0.00;0.44;-0.01;0.00;0.00;0.00;0.00;0.00;0.00;0.00;0.00;0.00;0.00;0.00;0.00;-23.16;-15.82
0.26;3.90;0.00;0.44;-0.00;2.59;0.00;0.00;0.00;0.00;0.00;0.00;0.00;0.00;0.00;0.00;0.00;-23.16;-15.82
0.40;3.90;0.00;0.44;-0.01;2.59;0.00;0.00;0.00;0.00;0.00;0.00;0.00;0.00;0.00;0.00;0.00;-23.16;-15.82
0.53;3.90;-0.01;0.44;0.01;2.57;-0.00;0.00;0.00;0.00;0.00;0.00;0.00;0.00;0.00;0.00;0.00;-23.16;-15.82
0.66;3.90;-0.01;0.45;0.02;2.58;0.00;0.00;0.00;0.00;0.00;0.00;0.00;0.00;0.00;0.00;0.00;-23.16;-15.82
0.80;3.90;0.00;0.44;0.00;2.58;0.00;0.00;0.00;0.00;0.00;0.00;0.00;0.00;0.00;0.00;0.00;-23.16;-15.82
0.93;3.90;0.00;0.44;-0.00;2.57;-0.00;0.00;0.00;0.00;0.00;0.00;0.00;0.00;0.00;0.00;0.00;-23.16;-15.82
1.06;3.90;-0.01;0.44;0.01;2.57;0.00;0.00;0.00;0.00;0.00;0.00;0.00;0.00;0.00;0.00;0.00;-23.16;-15.82
1.20;3.90;-0.01;0.45;0.01;2.57;0.00;0.00;0.00;0.00;0.00;0.00;0.00;0.00;0.00;0.00;0.00;-23.16;-15.82
1.33;3.90;0.01;0.45;0.01;2.57;0.00;0.00;0.00;0.00;0.00;0.00;0.00;0.00;0.00;0.00;0.00;-23.16;-15.82
1.47;3.90;0.01;0.45;0.01;2.57;0.00;0.00;0.00;0.00;0.00;0.00;0.00;0.00;0.00;0.00;0.00;-23.16;-15.82
1.60;3.90;-0.01;0.45;0.01;2.57;0.00;0.00;0.00;0.00;0.00;0.00;0.00;0.00;0.00;0.00;0.00;-23.16;-15.82
1.73;3.90;-0.01;0.45;0.00;2.58;0.00;0.00;0.00;0.00;0.00;0.00;0.00;0.00;0.00;0.00;0.00;-23.16;-15.82
1.86;3.90;0.00;0.44;-0.01;2.58;0.00;0.00;0.00;0.00;0.00;0.00;0.00;0.00;0.00;0.00;0.00;-23.16;-15.82
2.00;3.90;0.00;0.44;-0.01;2.58;-0.00;0.00;0.00;0.00;0.00;0.00;0.00;0.00;0.00;0.00;0.00;-23.16;-15.82
2.14;3.90;0.00;0.44;-0.00;2.58;0.00;0.00;0.00;0.00;0.00;0.00;0.00;0.00;0.00;0.00;0.00;-23.16;-15.82
2.27;3.90;0.00;0.44;-0.01;2.58;0.00;0.00;0.00;0.00;0.00;0.00;0.00;0.00;0.00;0.00;0.00;-23.16;-15.82
2.40;3.90;0.00;0.44;-0.01;2.58;0.00;0.00;0.00;0.00;0.00;0.00;0.00;0.00;0.00;0.00;0.00;-23.16;-15.82
2.54;3.90;0.00;0.44;-0.01;2.58;0.00;0.00;0.00;0.00;0.00;0.00;0.00;0.00;0.00;0.00;0.00;-23.16;-15.82
2.67;3.90;0.00;0.44;-0.01;2.58;-0.00;0.00;0.00;0.00;0.00;0.00;0.00;0.00;0.00;0.00;0.00;-23.16;-15.82
2.80;3.90;0.00;0.44;-0.00;2.58;0.00;0.00;0.00;0.00;0.00;0.00;0.00;0.00;0.00;0.00;0.00;-23.16;-15.82
2.94;3.90;0.00;0.44;-0.01;2.59;0.00;0.00;0.00;0.00;0.00;0.00;0.00;0.00;0.00;0.00;0.00;-23.16;-15.82
3.07;3.90;0.00;0.44;-0.02;2.59;0.00;0.00;0.00;0.00;0.00;0.00;0.00;0.00;0.00;0.00;0.00;-23.16;-15.82
3.21;3.90;-0.00;0.43;-0.02;2.59;0.00;0.00;0.00;0.00;0.00;0.00;0.00;0.00;0.00;0.00;0.00;-23.16;-15.82
3.34;3.90;0.00;0.44;0.01;2.59;0.00;0.00;0.00;0.00;0.00;0.00;0.00;0.00;0.00;0.00;0.00;-23.16;-15.82
3.47;3.90;0.00;0.44;0.00;2.60;0.00;0.00;0.00;0.00;0.00;0.00;0.00;0.00;0.00;0.00;0.00;-23.16;-15.82
3.61;3.90;0.00;0.44;-0.02;2.60;0.00;0.00;0.00;0.00;0.00;0.00;0.00;0.00;0.00;0.00;0.00;-23.16;-15.82
3.74;3.90;0.00;0.44;-0.01;2.60;0.00;0.00;0.00;0.00;0.00;0.00;0.00;0.00;0.00;0.00;0.00;-23.16;-15.82
3.87;3.90;0.00;0.44;0.01;2.60;0.00;0.00;0.00;0.00;0.00;0.00;0.00;0.00;0.00;0.00;0.00;-23.16;-15.82
4.01;3.90;-0.01;0.44;0.01;2.60;0.00;2.80;0.00;0.00;0.30;0.00;0.00;1.57;0.00;30.23;15.99;431.49;225.77
4.14;3.90;-0.02;0.44;0.00;2.60;0.00;2.80;0.00;0.00;0.37;0.00;0.00;1.57;0.00;31.08;16.84;444.21;238.55
4.28;3.90;0.01;0.44;-0.01;2.59;-0.00;2.80;0.00;0.00;0.44;0.00;0.00;1.57;0.00;32.05;17.84;458.79;253.66
4.41;3.90;0.01;0.44;-0.00;2.59;0.00;2.80;0.00;0.00;0.51;0.00;0.00;1.57;0.00;33.01;18.80;473.28;268.21
4.55;3.90;0.06;0.45;0.14;2.59;-0.00;2.80;0.00;0.00;0.57;0.00;0.00;1.57;0.00;33.71;19.51;483.72;278.93
4.68;3.91;0.05;0.46;-0.03;2.57;-0.00;2.80;0.00;0.00;0.64;0.00;0.00;1.57;0.00;34.45;20.40;494.95;292.30
4.82;3.89;0.01;0.46;0.08;2.57;0.00;2.80;0.00;0.00;0.71;0.00;0.00;1.57;0.00;34.93;20.88;502.17;299.56
4.95;3.87;-0.03;0.48;0.05;2.55;-0.00;2.80;0.00;0.00;0.78;0.00;0.00;1.57;0.00;35.07;21.26;504.27;305.28
5.09;3.91;0.59;0.47;-0.20;2.55;0.00;2.80;0.00;0.00;0.84;0.00;0.00;1.57;0.00;37.03;23.21;533.61;334.76
5.22;3.96;0.54;0.46;-0.13;2.52;-0.00;2.80;0.00;0.00;0.91;0.00;0.00;1.57;0.00;38.93;25.40;562.31;367.85
5.36;3.84;-0.10;0.53;0.15;2.52;0.00;2.80;0.00;0.00;0.98;0.00;0.00;1.57;0.00;36.12;22.59;520.02;325.37
5.49;3.79;-0.10;0.56;0.12;2.48;-0.00;2.80;0.00;0.00;1.04;0.00;0.00;1.57;0.00;35.31;22.12;507.81;318.36
5.63;3.74;-0.09;0.60;0.12;2.48;0.00;2.80;0.00;0.00;1.11;0.00;0.00;1.57;0.00;34.82;21.63;500.48;310.99
5.76;3.70;-0.23;0.64;0.25;2.45;-0.00;2.80;0.00;0.00;1.18;0.00;0.00;1.57;0.00;34.16;21.35;490.52;306.76
5.90;3.65;-0.36;0.69;0.34;2.45;0.00;2.80;0.00;0.00;1.25;0.00;0.00;1.57;0.00;33.28;20.48;477.35;293.53
6.03;3.59;-0.34;0.73;0.23;2.40;-0.00;2.80;0.00;0.00;1.32;0.00;0.00;1.57;0.00;32.25;19.96;461.76;285.68
6.17;3.55;-0.28;0.76;0.26;2.40;0.00;2.80;0.00;0.00;1.38;0.00;0.00;1.57;0.00;32.08;19.79;459.26;283.17
6.30;3.51;-0.34;0.83;0.44;2.35;-0.00;2.80;0.00;0.00;1.45;0.00;0.00;1.57;0.00;31.10;19.38;444.52;276.90
6.44;3.48;-0.19;0.87;0.23;2.35;0.00;2.80;0.00;0.00;1.52;0.00;0.00;1.57;0.00;31.00;19.28;443.05;275.42
6.57;3.43;-0.38;0.92;0.40;2.35;0.00;2.80;0.00;0.00;1.59;0.00;0.00;1.57;0.00;30.22;18.49;431.25;263.56
6.71;3.37;-0.49;0.97;0.39;2.27;-0.00;2.80;0.00;0.00;1.65;0.00;0.00;1.57;0.00;29.06;18.39;413.79;261.95
6.84;3.31;-0.54;1.05;0.60;2.27;0.00;2.80;0.00;0.00;1.72;0.00;0.00;1.57;0.00;27.71;17.04;393.51;241.58
6.98;3.24;-0.48;1.12;0.55;2.24;-0.00;2.80;0.00;0.00;1.79;0.00;0.00;1.57;0.00;26.46;16.11;374.73;227.49
7.11;3.25;-0.29;1.13;0.37;2.24;0.00;2.80;0.00;0.00;1.86;0.00;0.00;1.57;0.00;27.75;17.40;394.13;246.99
7.25;3.20;-0.37;1.20;0.45;1.74;-0.00;2.80;0.00;0.00;1.92;0.00;0.00;1.57;0.00;22.35;19.49;313.00;278.58
7.38;3.08;-0.52;1.31;0.63;1.74;0.00;2.80;0.00;0.00;1.99;0.00;0.00;1.57;0.00;20.51;17.64;285.26;250.72
7.52;3.05;-0.37;1.35;0.43;1.88;0.00;2.80;0.00;0.00;2.06;0.00;0.00;1.57;0.00;22.52;17.37;315.53;246.61
7.65;3.06;-0.20;1.36;0.28;1.88;0.00;2.80;0.00;0.00;2.13;0.00;0.00;1.57;0.00;24.06;18.91;338.71;269.89
7.78;2.99;-0.73;1.45;0.85;2.20;0.00;2.80;0.00;0.00;2.19;0.00;0.00;1.57;0.00;23.79;14.00;334.63;195.61
7.92;2.85;-1.07;1.61;1.24;2.20;0.00;2.80;0.00;0.00;2.26;0.00;0.00;1.57;0.00;19.60;9.80;271.53;132.23
8.05;2.69;-1.22;1.78;1.21;2.20;0.00;2.80;0.00;0.00;2.33;0.00;0.00;1.57;0.00;14.80;5.01;199.46;59.83
8.19;2.85;-0.23;1.65;0.38;1.95;-0.00;2.80;0.00;0.00;2.39;0.00;0.00;1.57;0.00;21.92;15.78;306.40;222.56
8.32;2.89;-0.12;1.66;0.33;2.07;0.00;2.80;0.00;0.00;2.46;0.00;0.00;1.57;0.00;23.87;15.86;335.74;223.81
8.46;2.88;-0.07;1.71;0.30;2.07;0.00;2.80;0.00;0.00;2.53;0.00;0.00;1.57;0.00;24.33;16.32;342.64;230.74
8.59;2.88;-0.08;1.74;0.31;2.34;0.00;2.80;0.00;0.00;2.60;0.00;0.00;1.57;0.00;23.52;11.88;330.46;163.57
8.73;2.89;-0.06;1.73;0.28;2.48;0.00;2.80;0.00;0.00;2.66;0.00;0.00;1.57;0.00;23.76;10.59;334.16;144.19
8.86;2.85;-0.37;1.84;0.89;2.48;0.00;2.80;0.00;0.00;2.73;0.00;0.00;1.57;0.00;22.10;8.93;309.10;119.02
9.00;2.79;-0.44;1.96;0.89;2.50;0.00;2.80;0.00;0.00;2.80;0.00;0.00;1.57;0.00;19.82;6.42;274.88;81.19
9.13;2.82;-0.08;1.94;0.40;2.50;0.00;2.80;0.00;0.00;2.87;0.00;0.00;1.57;0.00;21.83;8.43;305.06;111.51
9.27;2.82;-0.09;1.99;0.41;2.24;-0.00;2.80;0.00;0.00;2.93;0.00;0.00;1.57;0.00;25.26;14.88;356.66;209.00
9.40;2.84;-0.01;2.04;0.21;2.24;0.00;2.80;0.00;0.00;3.00;0.00;0.00;1.57;0.00;25.92;15.55;366.67;219.06
9.53;2.82;-0.16;2.11;0.49;2.46;0.00;2.80;0.00;0.00;3.07;0.00;0.00;1.57;0.00;23.03;10.13;323.17;137.26
9.67;2.76;-0.34;2.25;0.99;2.46;0.00;2.80;0.00;0.00;3.13;0.00;0.00;1.57;0.00;20.53;7.64;285.60;99.52
9.80;2.86;0.42;2.27;0.44;3.08;0.00;2.80;0.00;0.00;3.20;0.00;0.00;1.57;0.00;11.40;-5.23;148.31;-94.86
9.94;2.97;0.64;2.29;0.30;3.08;0.00;2.80;0.00;0.00;3.27;0.00;0.00;1.57;0.00;14.52;-2.12;195.18;-47.78
10.07;2.90;-0.15;2.38;0.67;3.35;0.00;2.80;0.00;0.00;3.34;0.00;0.00;1.57;0.00;5.31;-10.98;56.75;-181.71
10.21;2.88;-0.12;2.47;0.67;3.35;0.00;2.80;0.00;0.00;3.40;0.00;0.00;1.57;0.00;4.94;-11.36;51.09;-187.40
10.34;2.77;-0.28;2.60;0.73;3.35;0.00;2.80;0.00;0.00;3.47;0.00;0.00;1.57;0.00;2.43;-13.87;13.36;-225.30
10.48;2.73;-0.34;2.69;0.72;4.49;0.00;2.80;0.00;0.00;3.54;0.00;0.00;1.57;0.00;-20.72;-24.33;-334.75;-383.31
10.61;2.88;0.30;2.63;0.24;4.49;0.00;2.80;0.00;0.00;3.61;0.00;0.00;1.57;0.00;-23.26;-26.87;-373.00;-421.73
10.75;2.92;0.31;2.65;0.22;4.80;0.00;2.80;0.00;0.00;3.67;0.00;0.00;1.57;0.00;-28.22;-26.77;-447.54;-420.18
10.88;2.97;0.23;2.63;0.17;4.80;0.00;2.80;0.00;0.00;3.74;0.00;0.00;1.57;0.00;-30.53;-29.08;-482.27;-455.06
11.02;3.00;0.23;2.65;0.15;4.89;0.00;2.80;0.00;0.00;3.75;0.00;0.00;1.57;0.00;-31.26;-28.28;-493.29;-443.06
11.15;3.02;0.23;2.65;0.10;4.89;0.00;2.80;0.00;0.00;3.75;0.00;0.00;1.57;0.00;-31.46;-28.48;-496.23;-446.02
11.28;3.04;0.22;2.65;0.08;4.95;0.00;2.80;0.00;0.00;3.75;0.00;0.00;1.57;0.00;-31.88;-27.99;-502.52;-438.57
11.42;3.06;0.21;2.66;0.07;4.95;0.00;2.80;0.00;0.00;3.75;0.00;0.00;1.57;0.00;-31.94;-28.05;-503.42;-439.48
11.55;3.11;0.31;2.63;-0.11;5.39;0.00;2.80;0.00;0.00;3.75;0.00;0.00;1.57;0.00;-33.78;-23.31;-531.13;-367.99
11.69;3.17;0.37;2.59;-0.21;5.39;0.00;2.80;0.00;0.00;3.75;0.00;0.00;1.57;0.00;-35.55;-25.08;-557.72;-394.70
11.82;3.21;0.31;2.56;-0.17;5.82;0.00;2.80;0.00;0.00;3.75;0.00;0.00;1.57;0.00;-31.53;-16.65;-497.28;-267.37
11.96;3.25;0.32;2.53;-0.18;5.82;0.00;2.80;0.00;0.00;3.75;0.00;0.00;1.57;0.00;-32.84;-17.96;-517.01;-287.19
12.09;3.27;0.26;2.52;-0.19;6.13;0.00;2.80;0.00;0.00;3.75;0.00;0.00;1.57;0.00;-25.45;-8.97;-405.90;-151.30
12.23;3.30;0.26;2.49;-0.20;5.87;-0.00;2.80;0.00;0.00;3.75;0.00;0.00;1.57;0.00;-33.45;-18.17;-526.12;-290.35
12.36;3.41;0.52;2.40;-0.45;5.87;0.00;2.80;0.00;0.00;3.75;0.00;0.00;1.57;0.00;-36.88;-21.60;-577.68;-342.14
12.50;3.48;0.51;2.33;-0.47;6.07;0.00;2.80;0.00;0.00;3.75;0.00;0.00;1.57;0.00;-33.83;-17.55;-531.84;-280.92
12.63;3.36;-0.09;2.43;0.07;6.07;0.00;2.80;0.00;0.00;3.75;0.00;0.00;1.57;0.00;-30.30;-14.02;-478.79;-227.63
12.77;3.34;-0.09;2.44;0.09;6.05;-0.00;2.80;0.00;0.00;3.75;0.00;0.00;1.57;0.00;-30.33;-14.12;-479.18;-229.10
12.90;3.33;0.02;2.46;0.01;6.05;0.00;2.80;0.00;0.00;3.75;0.00;0.00;1.57;0.00;-29.81;-13.61;-471.46;-221.34
13.03;3.33;0.01;2.46;0.01;6.06;0.00;2.80;0.00;0.00;3.75;0.00;0.00;1.57;0.00;-29.47;-13.21;-466.29;-215.35
13.17;3.33;-0.03;2.46;-0.00;6.06;0.00;2.80;0.00;0.00;3.75;0.00;0.00;1.57;0.00;-29.48;-13.22;-466.43;-215.49
13.30;3.33;-0.01;2.45;-0.01;6.05;-0.00;2.80;0.00;0.00;3.75;0.00;0.00;1.57;0.00;-29.64;-13.40;-468.83;-218.30
13.44;3.33;0.00;2.45;-0.02;6.05;0.00;2.80;0.00;0.00;3.75;0.00;0.00;1.57;0.00;-29.71;-13.48;-469.98;-219.45
13.57;3.33;0.00;2.45;0.01;6.05;0.00;2.80;0.00;0.00;3.75;0.00;0.00;1.57;0.00;-29.72;-13.49;-470.09;-219.57
13.71;3.33;0.00;2.46;0.01;6.05;0.00;2.80;0.00;0.00;3.75;0.00;0.00;1.57;0.00;-29.73;-13.50;-470.30;-219.78
13.84;3.33;0.00;2.46;0.00;6.05;-0.00;2.80;0.00;0.00;3.75;0.00;0.00;1.57;0.00;-29.76;-13.53;-470.66;-220.24
13.98;3.33;0.00;2.46;0.00;6.05;0.00;2.80;0.00;0.00;3.75;0.00;0.00;1.57;0.00;-29.75;-13.53;-470.57;-220.14
14.11;3.33;-0.01;2.46;0.00;6.05;0.00;2.80;0.00;0.00;3.75;0.00;0.00;1.57;0.00;-29.73;-13.51;-470.27;-219.84
14.25;3.33;-0.01;2.45;0.00;6.06;0.00;2.80;0.00;0.00;3.75;0.00;0.00;1.57;0.00;-29.44;-13.18;-465.82;-214.88
14.38;3.33;0.02;2.45;0.00;6.06;0.00;2.80;0.00;0.00;3.75;0.00;0.00;1.57;0.00;-29.57;-13.31;-467.77;-216.84
14.52;3.34;0.02;2.45;-0.00;6.06;-0.00;2.80;0.00;0.00;3.75;0.00;0.00;1.57;0.00;-29.70;-13.44;-469.70;-218.88
14.65;3.33;-0.00;2.45;-0.01;6.06;0.00;2.80;0.00;0.00;3.75;0.00;0.00;1.57;0.00;-29.65;-13.40;-469.10;-218.27
14.78;3.33;-0.00;2.45;-0.01;6.06;-0.00;2.80;0.00;0.00;3.75;0.00;0.00;1.57;0.00;-29.74;-13.50;-470.30;-219.68
14.92;3.33;0.00;2.46;0.01;6.06;0.00;2.80;0.00;0.00;3.75;0.00;0.00;1.57;0.00;-29.69;-13.45;-469.55;-218.92
15.05;3.33;0.01;2.46;0.00;6.06;0.00;2.80;0.00;0.00;3.75;0.00;0.00;1.57;0.00;-29.61;-13.35;-468.35;-217.52
15.19;3.33;0.01;2.46;-0.00;6.06;0.00;2.80;0.00;0.00;3.75;0.00;0.00;1.57;0.00;-29.66;-13.41;-469.22;-218.40
15.32;3.33;0.00;2.45;0.00;6.05;-0.00;2.80;0.00;0.00;3.75;0.00;0.00;1.57;0.00;-29.82;-13.59;-471.56;-221.04
15.46;3.33;-0.00;2.45;0.00;6.05;0.00;2.80;0.00;0.00;3.75;0.00;0.00;1.57;0.00;-29.79;-13.56;-471.17;-220.65
15.59;3.33;0.00;2.45;0.00;6.05;-0.00;2.80;0.00;0.00;3.75;0.00;0.00;1.57;0.00;-29.87;-13.65;-472.28;-221.96
15.73;3.33;0.00;2.45;0.00;6.05;0.00;2.80;0.00;0.00;3.75;0.00;0.00;1.57;0.00;-29.87;-13.65;-472.28;-221.96
15.86;3.33;0.01;2.45;0.00;6.05;0.00;2.80;0.00;0.00;3.75;0.00;0.00;1.57;0.00;-29.92;-13.70;-473.06;-222.75
16.00;3.34;0.01;2.45;0.00;6.04;-0.00;2.80;0.00;0.00;3.75;0.00;0.00;1.57;0.00;-30.17;-13.98;-476.81;-226.93
16.13;3.33;-0.01;2.45;0.00;6.04;0.00;2.80;0.00;0.00;3.75;0.00;0.00;1.57;0.00;-30.09;-13.90;-475.65;-225.75
16.27;3.33;-0.01;2.45;-0.00;6.05;0.00;2.80;0.00;0.00;3.75;0.00;0.00;1.57;0.00;-29.99;-13.79;-474.12;-224.12
16.40;3.33;-0.00;2.45;0.00;6.05;0.00;2.80;0.00;0.00;3.75;0.00;0.00;1.57;0.00;-29.99;-13.79;-474.12;-224.12
16.54;3.33;-0.01;2.45;0.00;6.05;0.00;2.80;0.00;0.00;3.75;0.00;0.00;1.57;0.00;-29.74;-13.51;-470.39;-219.87
16.67;3.33;-0.00;2.45;0.00;6.05;0.00;2.80;0.00;0.00;3.75;0.00;0.00;1.57;0.00;-29.77;-13.53;-470.78;-220.26
16.81;3.33;-0.00;2.45;-0.00;6.05;-0.00;2.80;0.00;0.00;3.75;0.00;0.00;1.57;0.00;-29.82;-13.59;-471.53;-221.11
16.94;3.34;0.01;2.45;-0.01;6.05;0.00;2.80;0.00;0.00;3.75;0.00;0.00;1.57;0.00;-29.91;-13.68;-472.89;-222.47
17.08;3.34;0.01;2.45;-0.01;6.05;-0.00;2.80;0.00;0.00;3.75;0.00;0.00;1.57;0.00;-30.01;-13.80;-474.47;-224.27
17.21;3.33;0.00;2.45;-0.01;6.05;0.00;2.80;0.00;0.00;3.75;0.00;0.00;1.57;0.00;-29.99;-13.78;-474.18;-223.97
17.34;3.33;-0.01;2.45;0.00;6.06;0.00;2.80;0.00;0.00;3.75;0.00;0.00;1.57;0.00;-29.71;-13.46;-469.85;-219.13
17.48;3.33;-0.01;2.46;0.01;6.06;0.00;2.80;0.00;0.00;3.75;0.00;0.00;1.57;0.00;-29.64;-13.39;-468.80;-218.07
17.61;3.33;-0.00;2.46;0.00;6.06;0.00;2.80;0.00;0.00;3.75;0.00;0.00;1.57;0.00;-29.48;-13.22;-466.54;-215.51
17.75;3.33;-0.01;2.46;0.01;6.06;-0.00;2.80;0.00;0.00;3.75;0.00;0.00;1.57;0.00;-29.59;-13.33;-468.05;-217.22
17.89;3.33;0.01;2.45;-0.01;6.06;0.00;2.80;0.00;0.00;3.75;0.00;0.00;1.57;0.00;-29.68;-13.43;-469.49;-218.66
18.02;3.34;0.01;2.45;-0.01;6.06;0.00;2.80;0.00;0.00;3.75;0.00;0.00;1.57;0.00;-29.62;-13.35;-468.54;-217.52
18.15;3.34;0.00;2.45;-0.00;6.06;0.00;2.80;0.00;0.00;3.75;0.00;0.00;1.57;0.00;-29.61;-13.35;-468.46;-217.43
18.29;3.34;0.00;2.45;-0.01;6.06;-0.00;2.80;0.00;0.00;3.75;0.00;0.00;1.57;0.00;-29.71;-13.46;-469.97;-219.14
18.42;3.33;0.00;2.45;-0.01;6.06;0.00;2.80;0.00;0.00;3.75;0.00;0.00;1.57;0.00;-29.69;-13.44;-469.67;-218.84
18.56;3.32;-0.14;2.46;0.12;5.67;-0.00;2.80;0.00;0.00;3.75;0.00;0.00;1.57;0.00;-37.99;-24.40;-594.38;-384.40
18.69;3.23;-0.53;2.54;0.46;5.67;0.00;2.80;0.00;0.00;3.75;0.00;0.00;1.57;0.00;-34.74;-21.16;-545.63;-335.43
18.83;3.21;-0.28;2.56;0.24;5.65;-0.00;2.80;0.00;0.00;3.75;0.00;0.00;1.57;0.00;-34.31;-20.84;-539.04;-330.61
18.96;3.25;-0.02;2.52;0.01;5.65;0.00;2.80;0.00;0.00;3.75;0.00;0.00;1.57;0.00;-35.64;-22.18;-559.14;-350.81
19.10;3.28;-0.02;2.50;0.02;5.64;-0.00;2.80;0.00;0.00;3.75;0.00;0.00;1.57;0.00;-37.03;-23.73;-579.95;-374.33
19.23;3.28;-0.04;2.50;0.03;5.64;0.00;2.80;0.00;0.00;3.75;0.00;0.00;1.57;0.00;-36.99;-23.70;-579.39;-373.77
19.37;3.28;-0.02;2.49;0.01;5.64;0.00;2.80;0.00;0.00;3.75;0.00;0.00;1.57;0.00;-36.96;-23.60;-578.96;-372.28
19.50;3.28;-0.03;2.50;0.01;5.64;0.00;2.80;0.00;0.00;3.75;0.00;0.00;1.57;0.00;-36.84;-23.48;-577.19;-370.50
19.64;3.28;0.01;2.49;-0.01;5.64;0.00;2.80;0.00;0.00;3.75;0.00;0.00;1.57;0.00;-37.07;-23.71;-580.64;-373.97
19.77;3.28;-0.02;2.49;0.02;6.20;0.00;2.80;0.00;0.00;3.75;0.00;0.00;1.57;0.00;-23.95;-7.34;-383.28;-126.69
19.91;3.16;-0.56;2.60;0.71;6.20;0.00;2.80;0.00;0.00;3.75;0.00;0.00;1.57;0.00;-20.50;-3.89;-331.38;-74.55
20.04;3.07;-0.80;2.68;0.71;6.03;-0.00;2.80;0.00;0.00;3.75;0.00;0.00;1.57;0.00;-22.24;-6.11;-357.61;-108.04
20.17;3.18;0.04;2.58;-0.06;6.03;0.00;2.80;0.00;0.00;3.75;0.00;0.00;1.57;0.00;-25.73;-9.59;-410.07;-160.74
20.31;3.18;-0.05;2.58;0.08;0.19;-0.00;2.80;0.00;0.00;3.75;0.00;0.00;1.57;0.00;-12.26;4.10;-207.50;46.15
20.45;3.14;-0.10;2.64;0.42;0.19;0.00;2.80;0.00;0.00;3.75;0.00;0.00;1.57;0.00;-11.35;5.01;-193.82;59.89
20.58;3.19;0.15;2.67;0.30;0.36;0.00;2.80;0.00;0.00;3.75;0.00;0.00;1.57;0.00;-7.40;8.22;-134.41;108.40
20.71;3.26;0.27;2.57;-0.28;0.36;0.00;2.80;0.00;0.00;3.75;0.00;0.00;1.57;0.00;-8.41;7.21;-149.69;93.05
20.85;3.26;0.07;2.54;-0.09;0.45;0.00;2.80;0.00;0.00;3.75;0.00;0.00;1.57;0.00;-4.28;10.71;-87.56;145.97
20.98;3.23;-0.05;2.54;0.00;0.45;0.00;2.80;0.00;0.00;3.75;0.00;0.00;1.57;0.00;-3.77;11.23;-79.79;153.77
21.12;3.22;-0.02;2.56;0.03;0.53;0.00;2.80;0.00;0.00;3.75;0.00;0.00;1.57;0.00;-0.92;13.50;-36.98;188.11
21.25;3.21;-0.01;2.57;0.03;0.53;0.00;2.80;0.00;0.00;3.75;0.00;0.00;1.57;0.00;-0.94;13.48;-37.35;187.74
21.39;3.12;-0.25;2.66;0.38;0.69;0.00;2.80;0.00;0.00;3.75;0.00;0.00;1.57;0.00;5.30;18.20;56.60;259.12
21.52;3.01;-1.19;2.72;0.45;0.78;0.00;2.80;0.00;0.00;3.75;0.00;0.00;1.57;0.00;9.43;21.26;118.63;305.26
21.66;3.01;-0.25;2.74;0.30;0.78;0.00;2.80;0.00;0.00;3.75;0.00;0.00;1.57;0.00;9.22;21.05;115.54;302.15
21.79;2.99;-0.18;2.77;0.23;0.85;0.00;2.80;0.00;0.00;3.75;0.00;0.00;1.57;0.00;10.84;21.84;139.91;314.16
21.93;3.18;0.26;2.64;-0.33;0.85;0.00;2.80;0.00;0.00;3.75;0.00;0.00;1.57;0.00;10.06;21.06;128.15;302.34
22.06;3.21;0.22;2.60;-0.34;0.85;0.00;2.80;0.00;0.00;3.75;0.00;0.00;1.57;0.00;10.31;21.31;131.88;306.09
22.20;3.25;0.25;2.56;-0.42;0.85;0.00;2.80;0.00;0.00;3.75;0.00;0.00;1.57;0.00;10.59;21.59;136.10;310.33
22.33;3.28;0.20;2.49;-0.50;0.85;0.00;2.80;0.00;0.00;3.75;0.00;0.00;1.57;0.00;11.21;22.21;145.48;319.75
22.47;3.30;0.13;2.43;-0.63;0.85;0.00;2.80;0.00;0.00;3.75;0.00;0.00;1.57;0.00;12.19;23.19;160.14;334.48
22.60;3.32;0.08;2.34;-0.76;0.85;0.00;2.80;0.00;0.00;3.75;0.00;0.00;1.57;0.00;13.78;24.78;184.11;358.56
22.74;3.32;0.03;2.22;-0.82;0.85;0.00;2.80;0.00;0.00;3.75;0.00;0.00;1.57;0.00;16.04;27.04;218.07;392.67
22.87;3.32;-0.00;2.10;-0.83;0.85;0.00;2.80;0.00;0.00;3.75;0.00;0.00;1.57;0.00;18.31;29.31;252.15;426.91
23.01;3.32;-0.02;1.98;-0.87;0.85;0.00;2.80;0.00;0.00;3.75;0.00;0.00;1.57;0.00;20.89;31.89;290.91;465.84
23.14;3.10;-0.08;2.54;-0.08;1.07;0.00;2.80;0.00;0.00;3.75;0.00;0.00;1.57;0.00;20.55;28.50;285.84;414.71
23.28;3.06;-0.08;2.62;-0.01;1.32;0.00;2.80;0.00;0.00;3.75;0.00;0.00;1.57;0.00;25.51;29.62;360.39;431.65
23.41;3.08;0.03;2.70;0.02;1.32;0.00;2.80;0.00;0.00;3.75;0.00;0.00;1.57;0.00;23.28;27.40;326.95;398.06
23.55;3.07;-0.05;2.71;0.04;2.15;0.00;2.80;0.00;0.00;3.75;0.00;0.00;1.57;0.00;31.89;22.78;456.32;328.35
23.68;2.99;-0.18;2.78;0.21;2.15;0.00;2.80;0.00;0.00;3.75;0.00;0.00;1.57;0.00;29.04;19.94;413.51;285.34
23.82;2.97;-0.12;2.81;0.17;2.13;-0.00;2.80;0.00;0.00;3.75;0.00;0.00;1.57;0.00;28.11;19.30;399.52;275.74
23.95;2.84;-0.46;2.90;0.32;2.13;0.00;2.80;0.00;0.00;3.75;0.00;0.00;1.57;0.00;24.19;15.38;340.53;216.48
24.08;2.78;-0.42;2.96;0.38;2.33;0.00;2.80;0.00;0.00;3.75;0.00;0.00;1.57;0.00;20.72;9.27;288.45;124.22
24.22;2.73;-0.36;3.02;0.38;2.33;0.00;2.80;0.00;0.00;3.75;0.00;0.00;1.57;0.00;18.53;7.08;255.46;91.08
24.35;2.68;-0.36;3.08;0.37;2.49;0.00;2.80;0.00;0.00;3.75;0.00;0.00;1.57;0.00;15.00;1.79;202.34;11.24
24.49;2.63;-0.34;3.12;0.31;2.49;0.00;2.80;0.00;0.00;3.75;0.00;0.00;1.57;0.00;13.34;0.13;177.38;-13.84
24.62;2.58;-0.42;3.17;0.43;2.61;0.00;2.80;0.00;0.00;3.75;0.00;0.00;1.57;0.00;9.85;-4.50;124.96;-83.72
24.76;2.52;-0.46;3.24;0.45;2.61;0.00;2.80;0.00;0.00;3.75;0.00;0.00;1.57;0.00;7.62;-6.72;91.46;-117.38
24.89;2.48;-0.35;3.28;0.33;2.64;0.00;2.80;0.00;0.00;3.75;0.00;0.00;1.57;0.00;5.82;-8.82;64.29;-149.01
25.03;2.43;-0.35;3.32;0.32;2.64;0.00;2.80;0.00;0.00;3.75;0.00;0.00;1.57;0.00;4.17;-10.47;39.49;-173.93
25.16;2.52;0.06;3.37;0.39;2.64;0.00;2.80;0.00;0.00;3.75;0.00;0.00;1.57;0.00;5.73;-8.90;63.02;-150.29
25.29;2.54;0.07;3.42;0.40;2.51;-0.00;2.80;0.00;0.00;3.75;0.00;0.00;1.57;0.00;6.23;-7.20;70.53;-124.60
25.43;2.49;-0.19;3.42;0.21;2.51;0.00;2.80;0.00;0.00;3.75;0.00;0.00;1.57;0.00;5.19;-8.24;54.93;-140.27
25.56;2.46;-0.16;3.44;0.18;1.47;-0.00;2.80;0.00;0.00;3.75;0.00;0.00;1.57;0.00;8.26;9.89;101.12;133.59
25.70;2.52;0.10;3.41;0.07;1.47;0.00;2.80;0.00;0.00;3.75;0.00;0.00;1.57;0.00;8.94;10.57;111.34;143.86
25.83;2.53;0.03;3.43;0.12;1.23;-0.00;2.80;0.00;0.00;3.75;0.00;0.00;1.57;0.00;7.81;13.43;94.33;187.08
25.97;2.50;-0.17;3.47;0.27;1.23;0.00;2.80;0.00;0.00;3.75;0.00;0.00;1.57;0.00;6.97;12.58;81.59;174.27
26.10;2.47;-0.17;3.51;0.29;1.33;0.00;2.80;0.00;0.00;3.75;0.00;0.00;1.57;0.00;6.36;10.39;72.41;141.09
26.24;2.43;-0.22;3.56;0.34;1.33;0.00;2.80;0.00;0.00;3.75;0.00;0.00;1.57;0.00;5.20;9.23;54.98;123.59
26.37;2.39;-0.26;3.61;0.34;1.33;0.00;2.80;0.00;0.00;3.75;0.00;0.00;1.57;0.00;4.21;8.24;40.19;108.72
26.51;2.34;-0.31;3.66;0.35;1.33;0.00;2.80;0.00;0.00;3.75;0.00;0.00;1.57;0.00;3.20;7.23;24.90;93.37
26.64;2.35;-0.12;3.67;0.21;1.17;-0.00;2.80;0.00;0.00;3.75;0.00;0.00;1.57;0.00;3.51;10.00;29.69;135.24
26.78;2.34;-0.06;3.68;0.17;1.17;0.00;2.80;0.00;0.00;3.75;0.00;0.00;1.57;0.00;3.11;9.60;23.61;129.13
26.91;2.30;-0.15;3.72;0.22;1.07;-0.00;2.80;0.00;0.00;3.75;0.00;0.00;1.57;0.00;3.15;11.21;24.25;153.48
27.05;2.27;-0.28;3.76;0.25;1.30;0.00;2.80;0.00;0.00;3.75;0.00;0.00;1.57;0.00;1.37;5.83;-2.51;72.20
27.18;2.13;-0.67;3.75;0.04;1.30;0.00;2.80;0.00;0.00;3.75;0.00;0.00;1.57;0.00;2.58;7.03;15.58;90.38
27.31;2.03;-0.73;3.75;0.02;1.41;0.00;2.80;0.00;0.00;3.75;0.00;0.00;1.57;0.00;1.94;4.63;5.96;54.12
27.45;2.17;0.08;3.74;0.03;1.41;0.00;2.80;0.00;0.00;3.75;0.00;0.00;1.57;0.00;1.70;4.39;2.42;50.57
27.58;2.18;0.09;3.74;0.03;1.51;0.00;2.80;0.00;0.00;3.75;0.00;0.00;1.57;0.00;0.67;1.66;-13.12;9.20
27.72;2.19;-0.07;3.76;0.05;1.51;0.00;2.80;0.00;0.00;3.75;0.00;0.00;1.57;0.00;0.23;1.22;-19.69;2.60
27.85;2.18;-0.09;3.77;0.06;1.62;0.00;2.80;0.00;0.00;3.75;0.00;0.00;1.57;0.00;-0.83;-1.59;-35.64;-39.77
27.98;2.16;-0.12;3.78;0.11;1.62;0.00;2.80;0.00;0.00;3.75;0.00;0.00;1.57;0.00;-1.28;-2.04;-42.43;-46.59
28.12;2.17;0.01;3.77;-0.01;1.50;-0.00;2.80;0.00;0.00;3.75;0.00;0.00;1.57;0.00;-0.02;1.08;-23.50;0.53
28.25;2.21;0.14;3.74;-0.12;1.50;0.00;2.80;0.00;0.00;3.75;0.00;0.00;1.57;0.00;0.81;1.91;-10.98;13.10
28.39;2.26;0.22;3.70;-0.21;1.85;0.00;2.80;0.00;0.00;3.75;0.00;0.00;1.57;0.00;-0.28;-4.90;-27.38;-89.87
28.52;2.31;0.25;3.65;-0.27;1.85;0.00;2.80;0.00;0.00;3.75;0.00;0.00;1.57;0.00;1.24;-3.38;-4.54;-66.93
28.66;2.30;0.11;3.65;-0.11;1.57;-0.00;2.80;0.00;0.00;3.75;0.00;0.00;1.57;0.00;2.63;2.69;16.40;24.80
28.79;2.31;0.12;3.64;-0.11;1.57;0.00;2.80;0.00;0.00;3.75;0.00;0.00;1.57;0.00;2.90;2.95;20.39;28.81
28.92;2.39;0.56;3.58;-0.57;1.91;0.00;2.80;0.00;0.00;3.75;0.00;0.00;1.57;0.00;3.46;-2.13;28.81;-48.07
29.06;2.48;0.76;3.50;-0.63;2.22;0.00;2.80;0.00;0.00;3.75;0.00;0.00;1.57;0.00;5.28;-4.82;56.21;-88.66
29.19;2.45;0.30;3.53;-0.28;2.22;0.00;2.80;0.00;0.00;3.75;0.00;0.00;1.57;0.00;4.04;-6.06;37.66;-107.28
29.33;2.48;0.29;3.50;-0.32;2.10;-0.00;2.80;0.00;0.00;3.75;0.00;0.00;1.57;0.00;5.79;-2.64;63.92;-55.74
29.46;2.38;-0.12;3.60;0.15;2.10;0.00;2.80;0.00;0.00;3.75;0.00;0.00;1.57;0.00;2.05;-6.39;7.62;-112.30
29.60;2.35;-0.12;3.62;0.14;1.94;-0.00;2.80;0.00;0.00;3.75;0.00;0.00;1.57;0.00;1.93;-4.15;5.84;-78.54
29.73;2.34;-0.06;3.63;0.04;1.94;0.00;2.80;0.00;0.00;3.75;0.00;0.00;1.57;0.00;1.59;-4.49;0.81;-83.60
29.86;2.33;-0.30;3.63;0.09;2.05;0.00;2.80;0.00;0.00;3.75;0.00;0.00;1.57;0.00;1.04;-6.61;-7.56;-115.62
30.00;2.29;-0.69;3.62;0.17;2.05;0.00;2.80;0.00;0.00;3.75;0.00;0.00;1.57;0.00;0.65;-6.99;-13.36;-121.44
30.13;2.28;-0.45;3.57;-0.19;1.93;-0.00;2.80;0.00;0.00;3.75;0.00;0.00;1.57;0.00;2.51;-3.41;14.63;-67.26
30.27;2.33;-0.05;3.45;-0.50;1.93;0.00;2.80;0.00;0.00;3.75;0.00;0.00;1.57;0.00;6.05;0.13;67.82;-13.83
30.40;2.42;0.19;3.14;-1.50;0.54;-0.00;2.80;0.00;0.00;3.75;0.00;0.00;1.57;0.00;10.10;24.35;128.70;352.08
30.54;2.46;0.12;2.86;-1.65;0.54;0.00;2.80;0.00;0.00;3.75;0.00;0.00;1.57;0.00;13.00;27.26;172.39;395.97
30.67;2.45;0.05;2.86;-0.76;0.54;0.00;2.80;0.00;0.00;3.75;0.00;0.00;1.57;0.00;13.31;27.56;176.92;400.52
30.81;2.45;0.01;2.78;-0.70;0.54;0.00;2.80;0.00;0.00;3.75;0.00;0.00;1.57;0.00;14.39;28.65;193.27;416.94
30.94;2.45;0.00;2.69;-0.65;0.54;0.00;2.80;0.00;0.00;3.75;0.00;0.00;1.57;0.00;15.64;29.89;211.96;435.72
31.07;2.45;0.00;2.60;-0.73;0.54;0.00;2.80;0.00;0.00;3.75;0.00;0.00;1.57;0.00;16.84;31.10;230.11;453.95
31.21;2.45;-0.00;2.49;-0.76;0.54;0.00;2.80;0.00;0.00;3.75;0.00;0.00;1.57;0.00;18.28;32.54;251.71;475.65
31.34;2.45;0.02;2.38;-0.86;0.54;0.00;2.80;0.00;0.00;3.75;0.00;0.00;1.57;0.00;19.77;34.03;274.15;498.19
31.48;2.45;0.03;2.27;-0.88;0.54;0.00;2.80;0.00;0.00;3.75;0.00;0.00;1.57;0.00;21.26;35.52;296.59;520.73
31.61;2.46;0.05;2.18;-0.95;2.93;0.00;2.80;0.00;0.00;3.75;0.00;0.00;1.57;0.00;8.00;-8.31;97.07;-141.40
31.75;2.49;0.12;2.12;-1.14;2.93;0.00;2.80;0.00;0.00;3.75;0.00;0.00;1.57;0.00;9.06;-7.25;113.02;-125.38
31.88;2.48;-0.01;2.00;-1.02;2.91;-0.00;2.80;0.00;0.00;3.75;0.00;0.00;1.57;0.00;10.68;-5.53;137.51;-99.33
32.02;2.46;-0.06;1.91;-0.98;2.91;0.00;2.80;0.00;0.00;3.75;0.00;0.00;1.57;0.00;10.57;-5.64;135.83;-101.02
32.15;2.44;-0.10;1.76;-1.38;2.91;0.00;2.80;0.00;0.00;3.75;0.00;0.00;1.57;0.00;10.95;-5.27;141.47;-95.45
32.29;2.42;-0.16;1.56;-1.55;2.91;0.00;2.80;0.00;0.00;3.75;0.00;0.00;1.57;0.00;11.80;-4.42;154.27;-82.59
32.42;2.41;-0.20;1.46;-1.20;2.92;0.00;2.80;0.00;0.00;3.75;0.00;0.00;1.57;0.00;11.30;-4.97;146.82;-90.86
32.56;2.39;-0.21;1.30;-1.26;2.92;0.00;2.80;0.00;0.00;3.75;0.00;0.00;1.57;0.00;11.50;-4.78;149.70;-87.97
32.69;2.42;-0.01;1.40;-0.50;2.69;-0.00;2.80;0.00;0.00;3.75;0.00;0.00;1.57;0.00;25.63;10.62;362.24;144.66
32.82;2.43;0.04;1.36;-0.51;2.71;0.00;2.80;0.00;0.00;3.75;0.00;0.00;1.57;0.00;25.30;10.17;357.32;137.85
32.96;2.46;0.21;1.17;-1.71;2.71;0.00;2.80;0.00;0.00;3.75;0.00;0.00;1.57;0.00;28.20;13.07;400.96;181.68
33.09;2.49;0.26;0.94;-1.90;2.94;0.00;2.80;0.00;0.00;3.75;0.00;0.00;1.57;0.00;15.39;-0.92;208.32;-29.73
33.23;2.48;0.09;1.24;-0.04;2.94;0.00;2.80;0.00;0.00;3.75;0.00;0.00;1.57;0.00;13.41;-2.90;178.57;-59.62
33.36;2.49;0.06;1.22;-0.14;2.94;0.00;2.80;0.00;0.00;3.75;0.00;0.00;1.57;0.00;13.75;-2.57;183.56;-54.61
33.50;2.50;0.08;1.20;-0.12;2.94;0.00;2.80;0.00;0.00;3.75;0.00;0.00;1.57;0.00;14.14;-2.17;189.51;-48.62
33.63;2.51;0.03;1.18;-0.38;2.90;-0.00;2.80;0.00;0.00;3.75;0.00;0.00;1.57;0.00;17.05;0.86;233.18;-2.81
33.77;2.53;-0.23;1.04;-0.92;2.90;0.00;2.80;0.00;0.00;3.75;0.00;0.00;1.57;0.00;18.36;2.17;252.90;17.00
33.90;2.55;0.03;0.95;-0.76;2.78;-0.00;2.80;0.00;0.00;3.75;0.00;0.00;1.57;0.00;28.18;12.61;400.66;174.72
34.03;2.63;0.34;0.93;-0.61;2.78;0.00;2.80;0.00;0.00;3.75;0.00;0.00;1.57;0.00;30.29;14.72;432.33;206.54
34.17;2.70;0.32;0.84;-0.94;2.72;-0.00;2.80;0.00;0.00;3.75;0.00;0.00;1.57;0.00;36.74;21.53;529.36;309.39
34.31;2.75;0.44;0.69;-1.49;2.72;0.00;2.80;0.00;0.00;3.75;0.00;0.00;1.57;0.00;39.86;24.65;576.26;356.50
34.44;2.81;0.57;0.59;-1.20;2.71;-0.00;2.80;0.00;0.00;3.75;0.00;0.00;1.57;0.00;43.11;27.97;625.13;406.68
34.57;2.90;0.59;0.43;-1.23;2.71;0.00;2.80;0.00;0.00;3.75;0.00;0.00;1.57;0.00;46.90;31.75;682.04;463.85
34.71;2.93;0.49;0.53;-0.60;2.71;0.00;2.80;0.00;0.00;3.75;0.00;0.00;1.57;0.00;46.69;31.55;679.01;460.81
34.84;2.98;0.38;0.45;-0.71;2.71;-0.00;2.80;0.00;0.00;3.75;0.00;0.00;1.57;0.00;49.25;34.14;717.41;499.94
34.98;2.98;0.08;0.44;-0.72;2.71;0.00;2.80;0.00;0.00;3.75;0.00;0.00;1.57;0.00;49.17;34.06;716.20;498.72
35.11;2.99;0.05;0.34;-0.79;2.71;0.00;2.80;0.00;0.00;3.75;0.00;0.00;1.57;0.00;50.50;35.38;736.24;518.67
35.25;3.05;0.23;0.37;-0.47;2.71;0.00;2.80;0.00;0.00;3.75;0.00;0.00;1.57;0.00;51.60;36.48;752.78;535.28
35.38;3.08;0.18;0.31;-0.49;2.77;0.00;2.80;0.00;0.00;3.75;0.00;0.00;1.57;0.00;48.27;32.76;702.66;479.05
35.52;3.10;0.13;0.29;-0.45;2.77;0.00;2.80;0.00;0.00;3.75;0.00;0.00;1.57;0.00;48.98;33.47;713.35;489.79
35.65;3.10;0.09;0.26;-0.39;2.92;0.00;2.80;0.00;0.00;3.75;0.00;0.00;1.57;0.00;36.34;20.08;523.35;287.48
35.78;3.09;0.03;0.25;-0.27;2.92;0.00;2.80;0.00;0.00;3.75;0.00;0.00;1.57;0.00;36.02;19.76;518.53;282.63
35.92;3.11;0.08;0.25;-0.21;2.94;0.00;2.80;0.00;0.00;3.75;0.00;0.00;1.57;0.00;34.44;18.10;494.75;257.56
36.06;3.13;0.10;0.24;-0.21;2.94;0.00;2.80;0.00;0.00;3.75;0.00;0.00;1.57;0.00;35.03;18.68;503.56;266.41
36.19;3.14;0.10;0.30;0.00;2.93;-0.00;2.80;0.00;0.00;3.75;0.00;0.00;1.57;0.00;36.04;19.74;518.85;282.38
36.33;3.15;0.11;0.31;-0.02;2.93;0.00;2.80;0.00;0.00;3.75;0.00;0.00;1.57;0.00;36.36;20.06;523.59;287.15
36.46;3.14;0.05;0.28;-0.06;2.93;0.00;2.80;0.00;0.00;3.75;0.00;0.00;1.57;0.00;36.15;19.85;520.51;284.06
36.59;3.14;0.05;0.27;-0.03;2.94;0.00;2.80;0.00;0.00;3.75;0.00;0.00;1.57;0.00;35.70;19.38;513.74;276.90
36.73;3.11;-0.09;0.32;0.01;2.94;0.00;2.80;0.00;0.00;3.75;0.00;0.00;1.57;0.00;34.59;18.26;497.00;260.08
36.87;3.09;-0.11;0.32;-0.01;2.92;-0.00;2.80;0.00;0.00;3.75;0.00;0.00;1.57;0.00;36.17;19.92;520.77;285.16
37.00;3.09;-0.08;0.34;0.10;2.92;0.00;2.80;0.00;0.00;3.75;0.00;0.00;1.57;0.00;35.98;19.73;517.83;282.22
